Beta :  0.1
tscsdj01
2777 2777
(2777,)
nan
tscsdj02
2013 2013
(2013,)
nan
tscsdj03
2163 2163
(2163,)
nan
tscsdj04
2595 2595
(2595,)
nan
tscsdj05
1969 1969
(1969,)
nan
tscsdj06
2792 2792
(2792,)
5.03367299158
tscsdj07
3253 3253
(3253,)
nan
tscsdj08
1719 1719
(1719,)
nan
tscsdj09
1678 1678
(1678,)
nan
tscsdj10
2880 2880
(2880,)
nan
tscsdj11
1739 1739
(1739,)
nan
tscsdj12
2103 2103
(2103,)
nan
tscsdj13
1791 1791
(1791,)
5.16115103637
tscsdj14
3661 3661
(3661,)
4.9895845128
tscsdj15
2455 2455
(2455,)
nan
tscsdj16
2352 2352
(2352,)
nan
tscsdj17
2843 2843
(2843,)
5.07051089463
tscsdj18
2846 2846
(2846,)
5.09185598046
tscsdj19
1788 1788
(1788,)
nan
tscsdj20
2085 2085
(2085,)
nan
tscsdj21
1337 1337
(1337,)
nan
tscsdj22
2497 2497
(2497,)
nan
tscsdj23
2988 2988
(2988,)
nan
tscsdj24
2308 2308
(2308,)
nan
tscsdj25
2045 2045
(2045,)
nan
tscsdj26
2265 2265
(2265,)
nan
tscsdj27
1924 1924
(1924,)
nan
tscsdj28
1260 1260
(1260,)
nan
tscsdj29
2698 2698
(2698,)
nan
tscsdj30
3128 3128
(3128,)
nan
tscsdj31
2385 2385
(2385,)
nan
tscsdj32
1619 1619
(1619,)
nan
tscsdj33
2878 2878
(2878,)
nan
tscsdj34
2259 2259
(2259,)
nan
tscsdj35
2043 2043
(2043,)
nan
tscsdj36
2533 2533
(2533,)
nan
tscsdj37
2883 2883
(2883,)
nan
tscsdj38
2384 2384
(2384,)
nan
tscsdj39
3332 3332
(3332,)
nan
tscsdj40
1510 1510
(1510,)
nan
tscsdj41
2296 2296
(2296,)
nan
tscsdj42
1681 1681
(1681,)
5.06109775978
tscsdj43
3401 3401
(3401,)
5.11285627285
tscsdj44
2190 2190
(2190,)
nan
tscsdj45
2739 2739
(2739,)
nan
tscsdj46
2294 2294
(2294,)
nan
tscsdj47
1779 1779
(1779,)
nan
tscsdj48
2652 2652
(2652,)
nan
tscsdj49
3858 3858
(3858,)
5.05672821304
tscsdj50
2014 2014
(2014,)
nan
Beta :  0.2
tscsdj01
2777 2777
(2777,)
nan
tscsdj02
2013 2013
(2013,)
nan
tscsdj03
2163 2163
(2163,)
nan
tscsdj04
2595 2595
(2595,)
nan
tscsdj05
1969 1969
(1969,)
nan
tscsdj06
2792 2792
(2792,)
5.03508310367
tscsdj07
3253 3253
(3253,)
nan
tscsdj08
1719 1719
(1719,)
nan
tscsdj09
1678 1678
(1678,)
nan
tscsdj10
2880 2880
(2880,)
nan
tscsdj11
1739 1739
(1739,)
nan
tscsdj12
2103 2103
(2103,)
nan
tscsdj13
1791 1791
(1791,)
5.16107529223
tscsdj14
3661 3661
(3661,)
4.98958709074
tscsdj15
2455 2455
(2455,)
nan
tscsdj16
2352 2352
(2352,)
nan
tscsdj17
2843 2843
(2843,)
5.07224076671
tscsdj18
2846 2846
(2846,)
5.09481646478
tscsdj19
1788 1788
(1788,)
nan
tscsdj20
2085 2085
(2085,)
nan
tscsdj21
1337 1337
(1337,)
nan
tscsdj22
2497 2497
(2497,)
nan
tscsdj23
2988 2988
(2988,)
nan
tscsdj24
2308 2308
(2308,)
nan
tscsdj25
2045 2045
(2045,)
nan
tscsdj26
2265 2265
(2265,)
nan
tscsdj27
1924 1924
(1924,)
nan
tscsdj28
1260 1260
(1260,)
nan
tscsdj29
2698 2698
(2698,)
nan
tscsdj30
3128 3128
(3128,)
nan
tscsdj31
2385 2385
(2385,)
nan
tscsdj32
1619 1619
(1619,)
nan
tscsdj33
2878 2878
(2878,)
nan
tscsdj34
2259 2259
(2259,)
nan
tscsdj35
2043 2043
(2043,)
nan
tscsdj36
2533 2533
(2533,)
nan
tscsdj37
2883 2883
(2883,)
nan
tscsdj38
2384 2384
(2384,)
nan
tscsdj39
3332 3332
(3332,)
nan
tscsdj40
1510 1510
(1510,)
nan
tscsdj41
2296 2296
(2296,)
nan
tscsdj42
1681 1681
(1681,)
5.06109890106
tscsdj43
3401 3401
(3401,)
5.11230876015
tscsdj44
2190 2190
(2190,)
nan
tscsdj45
2739 2739
(2739,)
nan
tscsdj46
2294 2294
(2294,)
nan
tscsdj47
1779 1779
(1779,)
nan
tscsdj48
2652 2652
(2652,)
nan
tscsdj49
3858 3858
(3858,)
5.05745718243
tscsdj50
2014 2014
(2014,)
nan
Beta :  0.3
tscsdj01
2777 2777
(2777,)
nan
tscsdj02
2013 2013
(2013,)
nan
tscsdj03
2163 2163
(2163,)
nan
tscsdj04
2595 2595
(2595,)
nan
tscsdj05
1969 1969
(1969,)
nan
tscsdj06
2792 2792
(2792,)
5.03637519893
tscsdj07
3253 3253
(3253,)
nan
tscsdj08
1719 1719
(1719,)
nan
tscsdj09
1678 1678
(1678,)
nan
tscsdj10
2880 2880
(2880,)
nan
tscsdj11
1739 1739
(1739,)
nan
tscsdj12
2103 2103
(2103,)
nan
tscsdj13
1791 1791
(1791,)
5.16100275081
tscsdj14
3661 3661
(3661,)
4.98958961453
tscsdj15
2455 2455
(2455,)
nan
tscsdj16
2352 2352
(2352,)
nan
tscsdj17
2843 2843
(2843,)
5.07386888461
tscsdj18
2846 2846
(2846,)
5.09752907774
tscsdj19
1788 1788
(1788,)
nan
tscsdj20
2085 2085
(2085,)
nan
tscsdj21
1337 1337
(1337,)
nan
tscsdj22
2497 2497
(2497,)
nan
tscsdj23
2988 2988
(2988,)
nan
tscsdj24
2308 2308
(2308,)
nan
tscsdj25
2045 2045
(2045,)
nan
tscsdj26
2265 2265
(2265,)
nan
tscsdj27
1924 1924
(1924,)
nan
tscsdj28
1260 1260
(1260,)
nan
tscsdj29
2698 2698
(2698,)
nan
tscsdj30
3128 3128
(3128,)
nan
tscsdj31
2385 2385
(2385,)
nan
tscsdj32
1619 1619
(1619,)
nan
tscsdj33
2878 2878
(2878,)
nan
tscsdj34
2259 2259
(2259,)
nan
tscsdj35
2043 2043
(2043,)
nan
tscsdj36
2533 2533
(2533,)
nan
tscsdj37
2883 2883
(2883,)
nan
tscsdj38
2384 2384
(2384,)
nan
tscsdj39
3332 3332
(3332,)
nan
tscsdj40
1510 1510
(1510,)
nan
tscsdj41
2296 2296
(2296,)
nan
tscsdj42
1681 1681
(1681,)
5.06110001924
tscsdj43
3401 3401
(3401,)
5.11178540653
tscsdj44
2190 2190
(2190,)
nan
tscsdj45
2739 2739
(2739,)
nan
tscsdj46
2294 2294
(2294,)
nan
tscsdj47
1779 1779
(1779,)
nan
tscsdj48
2652 2652
(2652,)
nan
tscsdj49
3858 3858
(3858,)
5.058163638
tscsdj50
2014 2014
(2014,)
nan
Beta :  0.4
tscsdj01
2777 2777
(2777,)
nan
tscsdj02
2013 2013
(2013,)
nan
tscsdj03
2163 2163
(2163,)
nan
tscsdj04
2595 2595
(2595,)
nan
tscsdj05
1969 1969
(1969,)
nan
tscsdj06
2792 2792
(2792,)
5.03756514441
tscsdj07
3253 3253
(3253,)
nan
tscsdj08
1719 1719
(1719,)
nan
tscsdj09
1678 1678
(1678,)
nan
tscsdj10
2880 2880
(2880,)
nan
tscsdj11
1739 1739
(1739,)
nan
tscsdj12
2103 2103
(2103,)
nan
tscsdj13
1791 1791
(1791,)
5.16093322962
tscsdj14
3661 3661
(3661,)
4.98959208669
tscsdj15
2455 2455
(2455,)
nan
tscsdj16
2352 2352
(2352,)
nan
tscsdj17
2843 2843
(2843,)
5.07540648072
tscsdj18
2846 2846
(2846,)
5.10002801674
tscsdj19
1788 1788
(1788,)
nan
tscsdj20
2085 2085
(2085,)
nan
tscsdj21
1337 1337
(1337,)
nan
tscsdj22
2497 2497
(2497,)
nan
tscsdj23
2988 2988
(2988,)
nan
tscsdj24
2308 2308
(2308,)
nan
tscsdj25
2045 2045
(2045,)
nan
tscsdj26
2265 2265
(2265,)
nan
tscsdj27
1924 1924
(1924,)
nan
tscsdj28
1260 1260
(1260,)
nan
tscsdj29
2698 2698
(2698,)
nan
tscsdj30
3128 3128
(3128,)
nan
tscsdj31
2385 2385
(2385,)
nan
tscsdj32
1619 1619
(1619,)
nan
tscsdj33
2878 2878
(2878,)
nan
tscsdj34
2259 2259
(2259,)
nan
tscsdj35
2043 2043
(2043,)
nan
tscsdj36
2533 2533
(2533,)
nan
tscsdj37
2883 2883
(2883,)
nan
tscsdj38
2384 2384
(2384,)
nan
tscsdj39
3332 3332
(3332,)
nan
tscsdj40
1510 1510
(1510,)
nan
tscsdj41
2296 2296
(2296,)
nan
tscsdj42
1681 1681
(1681,)
5.0611011149
tscsdj43
3401 3401
(3401,)
5.11128488809
tscsdj44
2190 2190
(2190,)
nan
tscsdj45
2739 2739
(2739,)
nan
tscsdj46
2294 2294
(2294,)
nan
tscsdj47
1779 1779
(1779,)
nan
tscsdj48
2652 2652
(2652,)
nan
tscsdj49
3858 3858
(3858,)
5.05884893296
tscsdj50
2014 2014
(2014,)
nan
Beta :  0.5
tscsdj01
2777 2777
(2777,)
nan
tscsdj02
2013 2013
(2013,)
nan
tscsdj03
2163 2163
(2163,)
nan
tscsdj04
2595 2595
(2595,)
nan
tscsdj05
1969 1969
(1969,)
nan
tscsdj06
2792 2792
(2792,)
5.03870044511
tscsdj07
3253 3253
(3253,)
nan
tscsdj08
1719 1719
(1719,)
nan
tscsdj09
1678 1678
(1678,)
nan
tscsdj10
2880 2880
(2880,)
nan
tscsdj11
1739 1739
(1739,)
nan
tscsdj12
2103 2103
(2103,)
nan
tscsdj13
1791 1791
(1791,)
5.16086656055
tscsdj14
3661 3661
(3661,)
4.98959450961
tscsdj15
2455 2455
(2455,)
nan
tscsdj16
2352 2352
(2352,)
nan
tscsdj17
2843 2843
(2843,)
5.07666774135
tscsdj18
2846 2846
(2846,)
5.10234137968
tscsdj19
1788 1788
(1788,)
nan
tscsdj20
2085 2085
(2085,)
nan
tscsdj21
1337 1337
(1337,)
nan
tscsdj22
2497 2497
(2497,)
nan
tscsdj23
2988 2988
(2988,)
nan
tscsdj24
2308 2308
(2308,)
nan
tscsdj25
2045 2045
(2045,)
nan
tscsdj26
2265 2265
(2265,)
nan
tscsdj27
1924 1924
(1924,)
nan
tscsdj28
1260 1260
(1260,)
nan
tscsdj29
2698 2698
(2698,)
nan
tscsdj30
3128 3128
(3128,)
nan
tscsdj31
2385 2385
(2385,)
nan
tscsdj32
1619 1619
(1619,)
nan
tscsdj33
2878 2878
(2878,)
nan
tscsdj34
2259 2259
(2259,)
nan
tscsdj35
2043 2043
(2043,)
nan
tscsdj36
2533 2533
(2533,)
nan
tscsdj37
2883 2883
(2883,)
nan
tscsdj38
2384 2384
(2384,)
nan
tscsdj39
3332 3332
(3332,)
nan
tscsdj40
1510 1510
(1510,)
nan
tscsdj41
2296 2296
(2296,)
nan
tscsdj42
1681 1681
(1681,)
5.06110218864
tscsdj43
3401 3401
(3401,)
5.1108059668
tscsdj44
2190 2190
(2190,)
nan
tscsdj45
2739 2739
(2739,)
nan
tscsdj46
2294 2294
(2294,)
nan
tscsdj47
1779 1779
(1779,)
nan
tscsdj48
2652 2652
(2652,)
nan
tscsdj49
3858 3858
(3858,)
5.05951430664
tscsdj50
2014 2014
(2014,)
nan
Beta :  0.6
tscsdj01
2777 2777
(2777,)
nan
tscsdj02
2013 2013
(2013,)
nan
tscsdj03
2163 2163
(2163,)
nan
tscsdj04
2595 2595
(2595,)
nan
tscsdj05
1969 1969
(1969,)
nan
tscsdj06
2792 2792
(2792,)
5.03978503269
tscsdj07
3253 3253
(3253,)
nan
tscsdj08
1719 1719
(1719,)
nan
tscsdj09
1678 1678
(1678,)
nan
tscsdj10
2880 2880
(2880,)
nan
tscsdj11
1739 1739
(1739,)
nan
tscsdj12
2103 2103
(2103,)
nan
tscsdj13
1791 1791
(1791,)
5.16080258841
tscsdj14
3661 3661
(3661,)
4.98959688548
tscsdj15
2455 2455
(2455,)
nan
tscsdj16
2352 2352
(2352,)
nan
tscsdj17
2843 2843
(2843,)
5.07782074184
tscsdj18
2846 2846
(2846,)
5.10449246532
tscsdj19
1788 1788
(1788,)
nan
tscsdj20
2085 2085
(2085,)
nan
tscsdj21
1337 1337
(1337,)
nan
tscsdj22
2497 2497
(2497,)
nan
tscsdj23
2988 2988
(2988,)
nan
tscsdj24
2308 2308
(2308,)
nan
tscsdj25
2045 2045
(2045,)
nan
tscsdj26
2265 2265
(2265,)
nan
tscsdj27
1924 1924
(1924,)
nan
tscsdj28
1260 1260
(1260,)
nan
tscsdj29
2698 2698
(2698,)
nan
tscsdj30
3128 3128
(3128,)
nan
tscsdj31
2385 2385
(2385,)
nan
tscsdj32
1619 1619
(1619,)
nan
tscsdj33
2878 2878
(2878,)
nan
tscsdj34
2259 2259
(2259,)
nan
tscsdj35
2043 2043
(2043,)
nan
tscsdj36
2533 2533
(2533,)
nan
tscsdj37
2883 2883
(2883,)
nan
tscsdj38
2384 2384
(2384,)
nan
tscsdj39
3332 3332
(3332,)
nan
tscsdj40
1510 1510
(1510,)
nan
tscsdj41
2296 2296
(2296,)
nan
tscsdj42
1681 1681
(1681,)
5.06110324106
tscsdj43
3401 3401
(3401,)
5.11034748505
tscsdj44
2190 2190
(2190,)
nan
tscsdj45
2739 2739
(2739,)
nan
tscsdj46
2294 2294
(2294,)
nan
tscsdj47
1779 1779
(1779,)
nan
tscsdj48
2652 2652
(2652,)
nan
tscsdj49
3858 3858
(3858,)
5.06016089635
tscsdj50
2014 2014
(2014,)
nan
Beta :  0.7
tscsdj01
2777 2777
(2777,)
nan
tscsdj02
2013 2013
(2013,)
nan
tscsdj03
2163 2163
(2163,)
nan
tscsdj04
2595 2595
(2595,)
nan
tscsdj05
1969 1969
(1969,)
nan
tscsdj06
2792 2792
(2792,)
5.04082247189
tscsdj07
3253 3253
(3253,)
nan
tscsdj08
1719 1719
(1719,)
nan
tscsdj09
1678 1678
(1678,)
nan
tscsdj10
2880 2880
(2880,)
nan
tscsdj11
1739 1739
(1739,)
nan
tscsdj12
2103 2103
(2103,)
nan
tscsdj13
1791 1791
(1791,)
5.16074116961
tscsdj14
3661 3661
(3661,)
4.98959921636
tscsdj15
2455 2455
(2455,)
nan
tscsdj16
2352 2352
(2352,)
nan
tscsdj17
2843 2843
(2843,)
5.07891960843
tscsdj18
2846 2846
(2846,)
5.10650075508
tscsdj19
1788 1788
(1788,)
nan
tscsdj20
2085 2085
(2085,)
nan
tscsdj21
1337 1337
(1337,)
nan
tscsdj22
2497 2497
(2497,)
nan
tscsdj23
2988 2988
(2988,)
nan
tscsdj24
2308 2308
(2308,)
nan
tscsdj25
2045 2045
(2045,)
nan
tscsdj26
2265 2265
(2265,)
nan
tscsdj27
1924 1924
(1924,)
nan
tscsdj28
1260 1260
(1260,)
nan
tscsdj29
2698 2698
(2698,)
nan
tscsdj30
3128 3128
(3128,)
nan
tscsdj31
2385 2385
(2385,)
nan
tscsdj32
1619 1619
(1619,)
nan
tscsdj33
2878 2878
(2878,)
nan
tscsdj34
2259 2259
(2259,)
nan
tscsdj35
2043 2043
(2043,)
nan
tscsdj36
2533 2533
(2533,)
nan
tscsdj37
2883 2883
(2883,)
nan
tscsdj38
2384 2384
(2384,)
nan
tscsdj39
3332 3332
(3332,)
nan
tscsdj40
1510 1510
(1510,)
nan
tscsdj41
2296 2296
(2296,)
nan
tscsdj42
1681 1681
(1681,)
5.06110427275
tscsdj43
3401 3401
(3401,)
5.10990836019
tscsdj44
2190 2190
(2190,)
nan
tscsdj45
2739 2739
(2739,)
nan
tscsdj46
2294 2294
(2294,)
nan
tscsdj47
1779 1779
(1779,)
nan
tscsdj48
2652 2652
(2652,)
nan
tscsdj49
3858 3858
(3858,)
5.06078974786
tscsdj50
2014 2014
(2014,)
nan
Beta :  0.8
tscsdj01
2777 2777
(2777,)
nan
tscsdj02
2013 2013
(2013,)
nan
tscsdj03
2163 2163
(2163,)
nan
tscsdj04
2595 2595
(2595,)
nan
tscsdj05
1969 1969
(1969,)
nan
tscsdj06
2792 2792
(2792,)
5.04181600205
tscsdj07
3253 3253
(3253,)
nan
tscsdj08
1719 1719
(1719,)
nan
tscsdj09
1678 1678
(1678,)
nan
tscsdj10
2880 2880
(2880,)
nan
tscsdj11
1739 1739
(1739,)
nan
tscsdj12
2103 2103
(2103,)
nan
tscsdj13
1791 1791
(1791,)
5.16068217112
tscsdj14
3661 3661
(3661,)
4.98960150417
tscsdj15
2455 2455
(2455,)
nan
tscsdj16
2352 2352
(2352,)
nan
tscsdj17
2843 2843
(2843,)
5.07996955815
tscsdj18
2846 2846
(2846,)
5.10838266372
tscsdj19
1788 1788
(1788,)
nan
tscsdj20
2085 2085
(2085,)
nan
tscsdj21
1337 1337
(1337,)
nan
tscsdj22
2497 2497
(2497,)
nan
tscsdj23
2988 2988
(2988,)
nan
tscsdj24
2308 2308
(2308,)
nan
tscsdj25
2045 2045
(2045,)
nan
tscsdj26
2265 2265
(2265,)
nan
tscsdj27
1924 1924
(1924,)
nan
tscsdj28
1260 1260
(1260,)
nan
tscsdj29
2698 2698
(2698,)
nan
tscsdj30
3128 3128
(3128,)
nan
tscsdj31
2385 2385
(2385,)
nan
tscsdj32
1619 1619
(1619,)
nan
tscsdj33
2878 2878
(2878,)
nan
tscsdj34
2259 2259
(2259,)
nan
tscsdj35
2043 2043
(2043,)
nan
tscsdj36
2533 2533
(2533,)
nan
tscsdj37
2883 2883
(2883,)
nan
tscsdj38
2384 2384
(2384,)
nan
tscsdj39
3332 3332
(3332,)
nan
tscsdj40
1510 1510
(1510,)
nan
tscsdj41
2296 2296
(2296,)
nan
tscsdj42
1681 1681
(1681,)
5.06110528428
tscsdj43
3401 3401
(3401,)
5.10948757945
tscsdj44
2190 2190
(2190,)
nan
tscsdj45
2739 2739
(2739,)
nan
tscsdj46
2294 2294
(2294,)
nan
tscsdj47
1779 1779
(1779,)
nan
tscsdj48
2652 2652
(2652,)
nan
tscsdj49
3858 3858
(3858,)
5.06140182464
tscsdj50
2014 2014
(2014,)
nan
Beta :  0.9
tscsdj01
2777 2777
(2777,)
nan
tscsdj02
2013 2013
(2013,)
nan
tscsdj03
2163 2163
(2163,)
nan
tscsdj04
2595 2595
(2595,)
nan
tscsdj05
1969 1969
(1969,)
nan
tscsdj06
2792 2792
(2792,)
5.04276857316
tscsdj07
3253 3253
(3253,)
nan
tscsdj08
1719 1719
(1719,)
nan
tscsdj09
1678 1678
(1678,)
nan
tscsdj10
2880 2880
(2880,)
nan
tscsdj11
1739 1739
(1739,)
nan
tscsdj12
2103 2103
(2103,)
nan
tscsdj13
1791 1791
(1791,)
5.16062546937
tscsdj14
3661 3661
(3661,)
4.98960375071
tscsdj15
2455 2455
(2455,)
nan
tscsdj16
2352 2352
(2352,)
nan
tscsdj17
2843 2843
(2843,)
5.08097511564
tscsdj18
2846 2846
(2846,)
5.11015211984
tscsdj19
1788 1788
(1788,)
nan
tscsdj20
2085 2085
(2085,)
nan
tscsdj21
1337 1337
(1337,)
nan
tscsdj22
2497 2497
(2497,)
nan
tscsdj23
2988 2988
(2988,)
nan
tscsdj24
2308 2308
(2308,)
nan
tscsdj25
2045 2045
(2045,)
nan
tscsdj26
2265 2265
(2265,)
nan
tscsdj27
1924 1924
(1924,)
nan
tscsdj28
1260 1260
(1260,)
nan
tscsdj29
2698 2698
(2698,)
nan
tscsdj30
3128 3128
(3128,)
nan
tscsdj31
2385 2385
(2385,)
nan
tscsdj32
1619 1619
(1619,)
nan
tscsdj33
2878 2878
(2878,)
nan
tscsdj34
2259 2259
(2259,)
nan
tscsdj35
2043 2043
(2043,)
nan
tscsdj36
2533 2533
(2533,)
nan
tscsdj37
2883 2883
(2883,)
nan
tscsdj38
2384 2384
(2384,)
nan
tscsdj39
3332 3332
(3332,)
nan
tscsdj40
1510 1510
(1510,)
nan
tscsdj41
2296 2296
(2296,)
nan
tscsdj42
1681 1681
(1681,)
5.06110627622
tscsdj43
3401 3401
(3401,)
5.10908419499
tscsdj44
2190 2190
(2190,)
nan
tscsdj45
2739 2739
(2739,)
nan
tscsdj46
2294 2294
(2294,)
nan
tscsdj47
1779 1779
(1779,)
nan
tscsdj48
2652 2652
(2652,)
nan
tscsdj49
3858 3858
(3858,)
5.0619980159
tscsdj50
2014 2014
(2014,)
nan
Beta :  1.0
tscsdj01
2777 2777
(2777,)
nan
tscsdj02
2013 2013
(2013,)
nan
tscsdj03
2163 2163
(2163,)
nan
tscsdj04
2595 2595
(2595,)
nan
tscsdj05
1969 1969
(1969,)
nan
tscsdj06
2792 2792
(2792,)
5.04368287724
tscsdj07
3253 3253
(3253,)
nan
tscsdj08
1719 1719
(1719,)
nan
tscsdj09
1678 1678
(1678,)
nan
tscsdj10
2880 2880
(2880,)
nan
tscsdj11
1739 1739
(1739,)
nan
tscsdj12
2103 2103
(2103,)
nan
tscsdj13
1791 1791
(1791,)
5.16057094947
tscsdj14
3661 3661
(3661,)
4.98960595766
tscsdj15
2455 2455
(2455,)
nan
tscsdj16
2352 2352
(2352,)
nan
tscsdj17
2843 2843
(2843,)
5.08179764654
tscsdj18
2846 2846
(2846,)
5.11182101964
tscsdj19
1788 1788
(1788,)
nan
tscsdj20
2085 2085
(2085,)
nan
tscsdj21
1337 1337
(1337,)
nan
tscsdj22
2497 2497
(2497,)
nan
tscsdj23
2988 2988
(2988,)
nan
tscsdj24
2308 2308
(2308,)
nan
tscsdj25
2045 2045
(2045,)
nan
tscsdj26
2265 2265
(2265,)
nan
tscsdj27
1924 1924
(1924,)
nan
tscsdj28
1260 1260
(1260,)
nan
tscsdj29
2698 2698
(2698,)
nan
tscsdj30
3128 3128
(3128,)
nan
tscsdj31
2385 2385
(2385,)
nan
tscsdj32
1619 1619
(1619,)
nan
tscsdj33
2878 2878
(2878,)
nan
tscsdj34
2259 2259
(2259,)
nan
tscsdj35
2043 2043
(2043,)
nan
tscsdj36
2533 2533
(2533,)
nan
tscsdj37
2883 2883
(2883,)
nan
tscsdj38
2384 2384
(2384,)
nan
tscsdj39
3332 3332
(3332,)
nan
tscsdj40
1510 1510
(1510,)
nan
tscsdj41
2296 2296
(2296,)
nan
tscsdj42
1681 1681
(1681,)
5.0611072491
tscsdj43
3401 3401
(3401,)
5.10869731932
tscsdj44
2190 2190
(2190,)
nan
tscsdj45
2739 2739
(2739,)
nan
tscsdj46
2294 2294
(2294,)
nan
tscsdj47
1779 1779
(1779,)
nan
tscsdj48
2652 2652
(2652,)
nan
tscsdj49
3858 3858
(3858,)
5.06257914379
tscsdj50
2014 2014
(2014,)
nan
Beta :  1.1
tscsdj01
2777 2777
(2777,)
nan
tscsdj02
2013 2013
(2013,)
nan
tscsdj03
2163 2163
(2163,)
nan
tscsdj04
2595 2595
(2595,)
nan
tscsdj05
1969 1969
(1969,)
nan
tscsdj06
2792 2792
(2792,)
5.04456137573
tscsdj07
3253 3253
(3253,)
nan
tscsdj08
1719 1719
(1719,)
nan
tscsdj09
1678 1678
(1678,)
nan
tscsdj10
2880 2880
(2880,)
nan
tscsdj11
1739 1739
(1739,)
nan
tscsdj12
2103 2103
(2103,)
nan
tscsdj13
1791 1791
(1791,)
5.16051850435
tscsdj14
3661 3661
(3661,)
4.98960812659
tscsdj15
2455 2455
(2455,)
nan
tscsdj16
2352 2352
(2352,)
nan
tscsdj17
2843 2843
(2843,)
5.08251970245
tscsdj18
2846 2846
(2846,)
5.1133995849
tscsdj19
1788 1788
(1788,)
nan
tscsdj20
2085 2085
(2085,)
nan
tscsdj21
1337 1337
(1337,)
nan
tscsdj22
2497 2497
(2497,)
nan
tscsdj23
2988 2988
(2988,)
nan
tscsdj24
2308 2308
(2308,)
nan
tscsdj25
2045 2045
(2045,)
nan
tscsdj26
2265 2265
(2265,)
nan
tscsdj27
1924 1924
(1924,)
nan
tscsdj28
1260 1260
(1260,)
nan
tscsdj29
2698 2698
(2698,)
nan
tscsdj30
3128 3128
(3128,)
nan
tscsdj31
2385 2385
(2385,)
nan
tscsdj32
1619 1619
(1619,)
nan
tscsdj33
2878 2878
(2878,)
nan
tscsdj34
2259 2259
(2259,)
nan
tscsdj35
2043 2043
(2043,)
nan
tscsdj36
2533 2533
(2533,)
nan
tscsdj37
2883 2883
(2883,)
nan
tscsdj38
2384 2384
(2384,)
nan
tscsdj39
3332 3332
(3332,)
nan
tscsdj40
1510 1510
(1510,)
nan
tscsdj41
2296 2296
(2296,)
nan
tscsdj42
1681 1681
(1681,)
5.06110820349
tscsdj43
3401 3401
(3401,)
5.10832612094
tscsdj44
2190 2190
(2190,)
nan
tscsdj45
2739 2739
(2739,)
nan
tscsdj46
2294 2294
(2294,)
nan
tscsdj47
1779 1779
(1779,)
nan
tscsdj48
2652 2652
(2652,)
nan
tscsdj49
3858 3858
(3858,)
5.06314596972
tscsdj50
2014 2014
(2014,)
nan
Beta :  1.2
tscsdj01
2777 2777
(2777,)
nan
tscsdj02
2013 2013
(2013,)
nan
tscsdj03
2163 2163
(2163,)
nan
tscsdj04
2595 2595
(2595,)
nan
tscsdj05
1969 1969
(1969,)
nan
tscsdj06
2792 2792
(2792,)
5.04540632343
tscsdj07
3253 3253
(3253,)
nan
tscsdj08
1719 1719
(1719,)
nan
tscsdj09
1678 1678
(1678,)
nan
tscsdj10
2880 2880
(2880,)
nan
tscsdj11
1739 1739
(1739,)
nan
tscsdj12
2103 2103
(2103,)
nan
tscsdj13
1791 1791
(1791,)
5.1604680341
tscsdj14
3661 3661
(3661,)
4.989610259
tscsdj15
2455 2455
(2455,)
nan
tscsdj16
2352 2352
(2352,)
nan
tscsdj17
2843 2843
(2843,)
5.08255203667
tscsdj18
2846 2846
(2846,)
5.11489664806
tscsdj19
1788 1788
(1788,)
nan
tscsdj20
2085 2085
(2085,)
nan
tscsdj21
1337 1337
(1337,)
nan
tscsdj22
2497 2497
(2497,)
nan
tscsdj23
2988 2988
(2988,)
nan
tscsdj24
2308 2308
(2308,)
nan
tscsdj25
2045 2045
(2045,)
nan
tscsdj26
2265 2265
(2265,)
nan
tscsdj27
1924 1924
(1924,)
nan
tscsdj28
1260 1260
(1260,)
nan
tscsdj29
2698 2698
(2698,)
nan
tscsdj30
3128 3128
(3128,)
nan
tscsdj31
2385 2385
(2385,)
nan
tscsdj32
1619 1619
(1619,)
nan
tscsdj33
2878 2878
(2878,)
nan
tscsdj34
2259 2259
(2259,)
nan
tscsdj35
2043 2043
(2043,)
nan
tscsdj36
2533 2533
(2533,)
nan
tscsdj37
2883 2883
(2883,)
nan
tscsdj38
2384 2384
(2384,)
nan
tscsdj39
3332 3332
(3332,)
nan
tscsdj40
1510 1510
(1510,)
nan
tscsdj41
2296 2296
(2296,)
nan
tscsdj42
1681 1681
(1681,)
5.06110913988
tscsdj43
3401 3401
(3401,)
5.10796982037
tscsdj44
2190 2190
(2190,)
nan
tscsdj45
2739 2739
(2739,)
nan
tscsdj46
2294 2294
(2294,)
nan
tscsdj47
1779 1779
(1779,)
nan
tscsdj48
2652 2652
(2652,)
nan
tscsdj49
3858 3858
(3858,)
5.06369920004
tscsdj50
2014 2014
(2014,)
nan
Beta :  1.3
tscsdj01
2777 2777
(2777,)
nan
tscsdj02
2013 2013
(2013,)
nan
tscsdj03
2163 2163
(2163,)
nan
tscsdj04
2595 2595
(2595,)
nan
tscsdj05
1969 1969
(1969,)
nan
tscsdj06
2792 2792
(2792,)
5.04621978961
tscsdj07
3253 3253
(3253,)
nan
tscsdj08
1719 1719
(1719,)
nan
tscsdj09
1678 1678
(1678,)
nan
tscsdj10
2880 2880
(2880,)
nan
tscsdj11
1739 1739
(1739,)
nan
tscsdj12
2103 2103
(2103,)
nan
tscsdj13
1791 1791
(1791,)
5.16041944537
tscsdj14
3661 3661
(3661,)
4.98961235628
tscsdj15
2455 2455
(2455,)
nan
tscsdj16
2352 2352
(2352,)
nan
tscsdj17
2843 2843
(2843,)
5.08207766568
tscsdj18
2846 2846
(2846,)
5.11631988108
tscsdj19
1788 1788
(1788,)
nan
tscsdj20
2085 2085
(2085,)
nan
tscsdj21
1337 1337
(1337,)
nan
tscsdj22
2497 2497
(2497,)
nan
tscsdj23
2988 2988
(2988,)
nan
tscsdj24
2308 2308
(2308,)
nan
tscsdj25
2045 2045
(2045,)
nan
tscsdj26
2265 2265
(2265,)
nan
tscsdj27
1924 1924
(1924,)
nan
tscsdj28
1260 1260
(1260,)
nan
tscsdj29
2698 2698
(2698,)
nan
tscsdj30
3128 3128
(3128,)
nan
tscsdj31
2385 2385
(2385,)
nan
tscsdj32
1619 1619
(1619,)
nan
tscsdj33
2878 2878
(2878,)
nan
tscsdj34
2259 2259
(2259,)
nan
tscsdj35
2043 2043
(2043,)
nan
tscsdj36
2533 2533
(2533,)
nan
tscsdj37
2883 2883
(2883,)
nan
tscsdj38
2384 2384
(2384,)
nan
tscsdj39
3332 3332
(3332,)
nan
tscsdj40
1510 1510
(1510,)
nan
tscsdj41
2296 2296
(2296,)
nan
tscsdj42
1681 1681
(1681,)
5.0611100588
tscsdj43
3401 3401
(3401,)
5.10762768634
tscsdj44
2190 2190
(2190,)
nan
tscsdj45
2739 2739
(2739,)
nan
tscsdj46
2294 2294
(2294,)
nan
tscsdj47
1779 1779
(1779,)
nan
tscsdj48
2652 2652
(2652,)
nan
tscsdj49
3858 3858
(3858,)
5.064239491
tscsdj50
2014 2014
(2014,)
nan
Beta :  1.4
tscsdj01
2777 2777
(2777,)
nan
tscsdj02
2013 2013
(2013,)
nan
tscsdj03
2163 2163
(2163,)
nan
tscsdj04
2595 2595
(2595,)
nan
tscsdj05
1969 1969
(1969,)
nan
tscsdj06
2792 2792
(2792,)
5.04700367653
tscsdj07
3253 3253
(3253,)
nan
tscsdj08
1719 1719
(1719,)
nan
tscsdj09
1678 1678
(1678,)
nan
tscsdj10
2880 2880
(2880,)
nan
tscsdj11
1739 1739
(1739,)
nan
tscsdj12
2103 2103
(2103,)
nan
tscsdj13
1791 1791
(1791,)
5.16037265077
tscsdj14
3661 3661
(3661,)
4.98961441975
tscsdj15
2455 2455
(2455,)
nan
tscsdj16
2352 2352
(2352,)
nan
tscsdj17
2843 2843
(2843,)
5.08161279656
tscsdj18
2846 2846
(2846,)
5.11767598056
tscsdj19
1788 1788
(1788,)
nan
tscsdj20
2085 2085
(2085,)
nan
tscsdj21
1337 1337
(1337,)
nan
tscsdj22
2497 2497
(2497,)
nan
tscsdj23
2988 2988
(2988,)
nan
tscsdj24
2308 2308
(2308,)
nan
tscsdj25
2045 2045
(2045,)
nan
tscsdj26
2265 2265
(2265,)
nan
tscsdj27
1924 1924
(1924,)
nan
tscsdj28
1260 1260
(1260,)
nan
tscsdj29
2698 2698
(2698,)
nan
tscsdj30
3128 3128
(3128,)
nan
tscsdj31
2385 2385
(2385,)
nan
tscsdj32
1619 1619
(1619,)
nan
tscsdj33
2878 2878
(2878,)
nan
tscsdj34
2259 2259
(2259,)
nan
tscsdj35
2043 2043
(2043,)
nan
tscsdj36
2533 2533
(2533,)
nan
tscsdj37
2883 2883
(2883,)
nan
tscsdj38
2384 2384
(2384,)
nan
tscsdj39
3332 3332
(3332,)
nan
tscsdj40
1510 1510
(1510,)
nan
tscsdj41
2296 2296
(2296,)
nan
tscsdj42
1681 1681
(1681,)
5.06111096074
tscsdj43
3401 3401
(3401,)
5.10729903241
tscsdj44
2190 2190
(2190,)
nan
tscsdj45
2739 2739
(2739,)
nan
tscsdj46
2294 2294
(2294,)
nan
tscsdj47
1779 1779
(1779,)
nan
tscsdj48
2652 2652
(2652,)
nan
tscsdj49
3858 3858
(3858,)
5.06476745325
tscsdj50
2014 2014
(2014,)
nan
Beta :  1.5
tscsdj01
2777 2777
(2777,)
nan
tscsdj02
2013 2013
(2013,)
nan
tscsdj03
2163 2163
(2163,)
nan
tscsdj04
2595 2595
(2595,)
nan
tscsdj05
1969 1969
(1969,)
nan
tscsdj06
2792 2792
(2792,)
5.04775973582
tscsdj07
3253 3253
(3253,)
nan
tscsdj08
1719 1719
(1719,)
nan
tscsdj09
1678 1678
(1678,)
nan
tscsdj10
2880 2880
(2880,)
nan
tscsdj11
1739 1739
(1739,)
nan
tscsdj12
2103 2103
(2103,)
nan
tscsdj13
1791 1791
(1791,)
5.1603275684
tscsdj14
3661 3661
(3661,)
4.98961645064
tscsdj15
2455 2455
(2455,)
nan
tscsdj16
2352 2352
(2352,)
nan
tscsdj17
2843 2843
(2843,)
5.08115726396
tscsdj18
2846 2846
(2846,)
5.11897081862
tscsdj19
1788 1788
(1788,)
nan
tscsdj20
2085 2085
(2085,)
nan
tscsdj21
1337 1337
(1337,)
nan
tscsdj22
2497 2497
(2497,)
nan
tscsdj23
2988 2988
(2988,)
nan
tscsdj24
2308 2308
(2308,)
nan
tscsdj25
2045 2045
(2045,)
nan
tscsdj26
2265 2265
(2265,)
nan
tscsdj27
1924 1924
(1924,)
nan
tscsdj28
1260 1260
(1260,)
nan
tscsdj29
2698 2698
(2698,)
nan
tscsdj30
3128 3128
(3128,)
nan
tscsdj31
2385 2385
(2385,)
nan
tscsdj32
1619 1619
(1619,)
nan
tscsdj33
2878 2878
(2878,)
nan
tscsdj34
2259 2259
(2259,)
nan
tscsdj35
2043 2043
(2043,)
nan
tscsdj36
2533 2533
(2533,)
nan
tscsdj37
2883 2883
(2883,)
nan
tscsdj38
2384 2384
(2384,)
nan
tscsdj39
3332 3332
(3332,)
nan
tscsdj40
1510 1510
(1510,)
nan
tscsdj41
2296 2296
(2296,)
nan
tscsdj42
1681 1681
(1681,)
5.06111184617
tscsdj43
3401 3401
(3401,)
5.10698321369
tscsdj44
2190 2190
(2190,)
nan
tscsdj45
2739 2739
(2739,)
nan
tscsdj46
2294 2294
(2294,)
nan
tscsdj47
1779 1779
(1779,)
nan
tscsdj48
2652 2652
(2652,)
nan
tscsdj49
3858 3858
(3858,)
5.06528365586
tscsdj50
2014 2014
(2014,)
nan
Beta :  1.6
tscsdj01
2777 2777
(2777,)
nan
tscsdj02
2013 2013
(2013,)
nan
tscsdj03
2163 2163
(2163,)
nan
tscsdj04
2595 2595
(2595,)
nan
tscsdj05
1969 1969
(1969,)
nan
tscsdj06
2792 2792
(2792,)
5.04848958299
tscsdj07
3253 3253
(3253,)
nan
tscsdj08
1719 1719
(1719,)
nan
tscsdj09
1678 1678
(1678,)
nan
tscsdj10
2880 2880
(2880,)
nan
tscsdj11
1739 1739
(1739,)
nan
tscsdj12
2103 2103
(2103,)
nan
tscsdj13
1791 1791
(1791,)
5.16028412141
tscsdj14
3661 3661
(3661,)
4.98961845011
tscsdj15
2455 2455
(2455,)
nan
tscsdj16
2352 2352
(2352,)
nan
tscsdj17
2843 2843
(2843,)
5.08071089822
tscsdj18
2846 2846
(2846,)
5.12020956661
tscsdj19
1788 1788
(1788,)
nan
tscsdj20
2085 2085
(2085,)
nan
tscsdj21
1337 1337
(1337,)
nan
tscsdj22
2497 2497
(2497,)
nan
tscsdj23
2988 2988
(2988,)
nan
tscsdj24
2308 2308
(2308,)
nan
tscsdj25
2045 2045
(2045,)
nan
tscsdj26
2265 2265
(2265,)
nan
tscsdj27
1924 1924
(1924,)
nan
tscsdj28
1260 1260
(1260,)
nan
tscsdj29
2698 2698
(2698,)
nan
tscsdj30
3128 3128
(3128,)
nan
tscsdj31
2385 2385
(2385,)
nan
tscsdj32
1619 1619
(1619,)
nan
tscsdj33
2878 2878
(2878,)
nan
tscsdj34
2259 2259
(2259,)
nan
tscsdj35
2043 2043
(2043,)
nan
tscsdj36
2533 2533
(2533,)
nan
tscsdj37
2883 2883
(2883,)
nan
tscsdj38
2384 2384
(2384,)
nan
tscsdj39
3332 3332
(3332,)
nan
tscsdj40
1510 1510
(1510,)
nan
tscsdj41
2296 2296
(2296,)
nan
tscsdj42
1681 1681
(1681,)
5.06111271556
tscsdj43
3401 3401
(3401,)
5.10667962391
tscsdj44
2190 2190
(2190,)
nan
tscsdj45
2739 2739
(2739,)
nan
tscsdj46
2294 2294
(2294,)
nan
tscsdj47
1779 1779
(1779,)
nan
tscsdj48
2652 2652
(2652,)
nan
tscsdj49
3858 3858
(3858,)
5.06578862986
tscsdj50
2014 2014
(2014,)
nan
Beta :  1.7
tscsdj01
2777 2777
(2777,)
nan
tscsdj02
2013 2013
(2013,)
nan
tscsdj03
2163 2163
(2163,)
nan
tscsdj04
2595 2595
(2595,)
nan
tscsdj05
1969 1969
(1969,)
nan
tscsdj06
2792 2792
(2792,)
5.04919471029
tscsdj07
3253 3253
(3253,)
nan
tscsdj08
1719 1719
(1719,)
nan
tscsdj09
1678 1678
(1678,)
nan
tscsdj10
2880 2880
(2880,)
nan
tscsdj11
1739 1739
(1739,)
nan
tscsdj12
2103 2103
(2103,)
nan
tscsdj13
1791 1791
(1791,)
5.16024223757
tscsdj14
3661 3661
(3661,)
4.98962041929
tscsdj15
2455 2455
(2455,)
nan
tscsdj16
2352 2352
(2352,)
nan
tscsdj17
2843 2843
(2843,)
5.0802735266
tscsdj18
2846 2846
(2846,)
5.12139679728
tscsdj19
1788 1788
(1788,)
nan
tscsdj20
2085 2085
(2085,)
nan
tscsdj21
1337 1337
(1337,)
nan
tscsdj22
2497 2497
(2497,)
nan
tscsdj23
2988 2988
(2988,)
nan
tscsdj24
2308 2308
(2308,)
nan
tscsdj25
2045 2045
(2045,)
nan
tscsdj26
2265 2265
(2265,)
nan
tscsdj27
1924 1924
(1924,)
nan
tscsdj28
1260 1260
(1260,)
nan
tscsdj29
2698 2698
(2698,)
nan
tscsdj30
3128 3128
(3128,)
nan
tscsdj31
2385 2385
(2385,)
nan
tscsdj32
1619 1619
(1619,)
nan
tscsdj33
2878 2878
(2878,)
nan
tscsdj34
2259 2259
(2259,)
nan
tscsdj35
2043 2043
(2043,)
nan
tscsdj36
2533 2533
(2533,)
nan
tscsdj37
2883 2883
(2883,)
nan
tscsdj38
2384 2384
(2384,)
nan
tscsdj39
3332 3332
(3332,)
nan
tscsdj40
1510 1510
(1510,)
nan
tscsdj41
2296 2296
(2296,)
nan
tscsdj42
1681 1681
(1681,)
5.06111356936
tscsdj43
3401 3401
(3401,)
5.10638769268
tscsdj44
2190 2190
(2190,)
nan
tscsdj45
2739 2739
(2739,)
nan
tscsdj46
2294 2294
(2294,)
nan
tscsdj47
1779 1779
(1779,)
nan
tscsdj48
2652 2652
(2652,)
nan
tscsdj49
3858 3858
(3858,)
5.06628287148
tscsdj50
2014 2014
(2014,)
nan
Beta :  1.8
tscsdj01
2777 2777
(2777,)
nan
tscsdj02
2013 2013
(2013,)
nan
tscsdj03
2163 2163
(2163,)
nan
tscsdj04
2595 2595
(2595,)
nan
tscsdj05
1969 1969
(1969,)
nan
tscsdj06
2792 2792
(2792,)
5.04987649812
tscsdj07
3253 3253
(3253,)
nan
tscsdj08
1719 1719
(1719,)
nan
tscsdj09
1678 1678
(1678,)
nan
tscsdj10
2880 2880
(2880,)
nan
tscsdj11
1739 1739
(1739,)
nan
tscsdj12
2103 2103
(2103,)
nan
tscsdj13
1791 1791
(1791,)
5.16020184895
tscsdj14
3661 3661
(3661,)
4.9896223592
tscsdj15
2455 2455
(2455,)
nan
tscsdj16
2352 2352
(2352,)
nan
tscsdj17
2843 2843
(2843,)
5.07984497433
tscsdj18
2846 2846
(2846,)
5.12253656957
tscsdj19
1788 1788
(1788,)
nan
tscsdj20
2085 2085
(2085,)
nan
tscsdj21
1337 1337
(1337,)
nan
tscsdj22
2497 2497
(2497,)
nan
tscsdj23
2988 2988
(2988,)
nan
tscsdj24
2308 2308
(2308,)
nan
tscsdj25
2045 2045
(2045,)
nan
tscsdj26
2265 2265
(2265,)
nan
tscsdj27
1924 1924
(1924,)
nan
tscsdj28
1260 1260
(1260,)
nan
tscsdj29
2698 2698
(2698,)
nan
tscsdj30
3128 3128
(3128,)
nan
tscsdj31
2385 2385
(2385,)
nan
tscsdj32
1619 1619
(1619,)
nan
tscsdj33
2878 2878
(2878,)
nan
tscsdj34
2259 2259
(2259,)
nan
tscsdj35
2043 2043
(2043,)
nan
tscsdj36
2533 2533
(2533,)
nan
tscsdj37
2883 2883
(2883,)
nan
tscsdj38
2384 2384
(2384,)
nan
tscsdj39
3332 3332
(3332,)
nan
tscsdj40
1510 1510
(1510,)
nan
tscsdj41
2296 2296
(2296,)
nan
tscsdj42
1681 1681
(1681,)
5.061114408
tscsdj43
3401 3401
(3401,)
5.106106883
tscsdj44
2190 2190
(2190,)
nan
tscsdj45
2739 2739
(2739,)
nan
tscsdj46
2294 2294
(2294,)
nan
tscsdj47
1779 1779
(1779,)
nan
tscsdj48
2652 2652
(2652,)
nan
tscsdj49
3858 3858
(3858,)
5.06676684505
tscsdj50
2014 2014
(2014,)
nan
Beta :  1.9
tscsdj01
2777 2777
(2777,)
nan
tscsdj02
2013 2013
(2013,)
nan
tscsdj03
2163 2163
(2163,)
nan
tscsdj04
2595 2595
(2595,)
nan
tscsdj05
1969 1969
(1969,)
nan
tscsdj06
2792 2792
(2792,)
5.05053622528
tscsdj07
3253 3253
(3253,)
nan
tscsdj08
1719 1719
(1719,)
nan
tscsdj09
1678 1678
(1678,)
nan
tscsdj10
2880 2880
(2880,)
nan
tscsdj11
1739 1739
(1739,)
nan
tscsdj12
2103 2103
(2103,)
nan
tscsdj13
1791 1791
(1791,)
5.16016289155
tscsdj14
3661 3661
(3661,)
4.98962427084
tscsdj15
2455 2455
(2455,)
nan
tscsdj16
2352 2352
(2352,)
nan
tscsdj17
2843 2843
(2843,)
5.07942506559
tscsdj18
2846 2846
(2846,)
5.12363249942
tscsdj19
1788 1788
(1788,)
nan
tscsdj20
2085 2085
(2085,)
nan
tscsdj21
1337 1337
(1337,)
nan
tscsdj22
2497 2497
(2497,)
nan
tscsdj23
2988 2988
(2988,)
nan
tscsdj24
2308 2308
(2308,)
nan
tscsdj25
2045 2045
(2045,)
nan
tscsdj26
2265 2265
(2265,)
nan
tscsdj27
1924 1924
(1924,)
nan
tscsdj28
1260 1260
(1260,)
nan
tscsdj29
2698 2698
(2698,)
nan
tscsdj30
3128 3128
(3128,)
nan
tscsdj31
2385 2385
(2385,)
nan
tscsdj32
1619 1619
(1619,)
nan
tscsdj33
2878 2878
(2878,)
nan
tscsdj34
2259 2259
(2259,)
nan
tscsdj35
2043 2043
(2043,)
nan
tscsdj36
2533 2533
(2533,)
nan
tscsdj37
2883 2883
(2883,)
nan
tscsdj38
2384 2384
(2384,)
nan
tscsdj39
3332 3332
(3332,)
nan
tscsdj40
1510 1510
(1510,)
nan
tscsdj41
2296 2296
(2296,)
nan
tscsdj42
1681 1681
(1681,)
5.0611152319
tscsdj43
3401 3401
(3401,)
5.10583668887
tscsdj44
2190 2190
(2190,)
nan
tscsdj45
2739 2739
(2739,)
nan
tscsdj46
2294 2294
(2294,)
nan
tscsdj47
1779 1779
(1779,)
nan
tscsdj48
2652 2652
(2652,)
nan
tscsdj49
3858 3858
(3858,)
5.06724098558
tscsdj50
2014 2014
(2014,)
nan
Beta :  2.0
tscsdj01
2777 2777
(2777,)
nan
tscsdj02
2013 2013
(2013,)
nan
tscsdj03
2163 2163
(2163,)
nan
tscsdj04
2595 2595
(2595,)
nan
tscsdj05
1969 1969
(1969,)
nan
tscsdj06
2792 2792
(2792,)
5.05117507806
tscsdj07
3253 3253
(3253,)
nan
tscsdj08
1719 1719
(1719,)
nan
tscsdj09
1678 1678
(1678,)
nan
tscsdj10
2880 2880
(2880,)
nan
tscsdj11
1739 1739
(1739,)
nan
tscsdj12
2103 2103
(2103,)
nan
tscsdj13
1791 1791
(1791,)
5.16012530501
tscsdj14
3661 3661
(3661,)
4.98962615514
tscsdj15
2455 2455
(2455,)
nan
tscsdj16
2352 2352
(2352,)
nan
tscsdj17
2843 2843
(2843,)
5.07901362418
tscsdj18
2846 2846
(2846,)
5.12217362993
tscsdj19
1788 1788
(1788,)
nan
tscsdj20
2085 2085
(2085,)
nan
tscsdj21
1337 1337
(1337,)
nan
tscsdj22
2497 2497
(2497,)
nan
tscsdj23
2988 2988
(2988,)
nan
tscsdj24
2308 2308
(2308,)
nan
tscsdj25
2045 2045
(2045,)
nan
tscsdj26
2265 2265
(2265,)
nan
tscsdj27
1924 1924
(1924,)
nan
tscsdj28
1260 1260
(1260,)
nan
tscsdj29
2698 2698
(2698,)
nan
tscsdj30
3128 3128
(3128,)
nan
tscsdj31
2385 2385
(2385,)
nan
tscsdj32
1619 1619
(1619,)
nan
tscsdj33
2878 2878
(2878,)
nan
tscsdj34
2259 2259
(2259,)
nan
tscsdj35
2043 2043
(2043,)
nan
tscsdj36
2533 2533
(2533,)
nan
tscsdj37
2883 2883
(2883,)
nan
tscsdj38
2384 2384
(2384,)
nan
tscsdj39
3332 3332
(3332,)
nan
tscsdj40
1510 1510
(1510,)
nan
tscsdj41
2296 2296
(2296,)
nan
tscsdj42
1681 1681
(1681,)
5.06111604146
tscsdj43
3401 3401
(3401,)
5.10557663322
tscsdj44
2190 2190
(2190,)
nan
tscsdj45
2739 2739
(2739,)
nan
tscsdj46
2294 2294
(2294,)
nan
tscsdj47
1779 1779
(1779,)
nan
tscsdj48
2652 2652
(2652,)
nan
tscsdj49
3858 3858
(3858,)
5.06770570113
tscsdj50
2014 2014
(2014,)
nan
Beta :  2.1
tscsdj01
2777 2777
(2777,)
nan
tscsdj02
2013 2013
(2013,)
nan
tscsdj03
2163 2163
(2163,)
nan
tscsdj04
2595 2595
(2595,)
nan
tscsdj05
1969 1969
(1969,)
nan
tscsdj06
2792 2792
(2792,)
5.05179415837
tscsdj07
3253 3253
(3253,)
nan
tscsdj08
1719 1719
(1719,)
nan
tscsdj09
1678 1678
(1678,)
nan
tscsdj10
2880 2880
(2880,)
nan
tscsdj11
1739 1739
(1739,)
nan
tscsdj12
2103 2103
(2103,)
nan
tscsdj13
1791 1791
(1791,)
5.16008903239
tscsdj14
3661 3661
(3661,)
4.98962801299
tscsdj15
2455 2455
(2455,)
nan
tscsdj16
2352 2352
(2352,)
nan
tscsdj17
2843 2843
(2843,)
5.07861047426
tscsdj18
2846 2846
(2846,)
5.12075329597
tscsdj19
1788 1788
(1788,)
nan
tscsdj20
2085 2085
(2085,)
nan
tscsdj21
1337 1337
(1337,)
nan
tscsdj22
2497 2497
(2497,)
nan
tscsdj23
2988 2988
(2988,)
nan
tscsdj24
2308 2308
(2308,)
nan
tscsdj25
2045 2045
(2045,)
nan
tscsdj26
2265 2265
(2265,)
nan
tscsdj27
1924 1924
(1924,)
nan
tscsdj28
1260 1260
(1260,)
nan
tscsdj29
2698 2698
(2698,)
nan
tscsdj30
3128 3128
(3128,)
nan
tscsdj31
2385 2385
(2385,)
nan
tscsdj32
1619 1619
(1619,)
nan
tscsdj33
2878 2878
(2878,)
nan
tscsdj34
2259 2259
(2259,)
nan
tscsdj35
2043 2043
(2043,)
nan
tscsdj36
2533 2533
(2533,)
nan
tscsdj37
2883 2883
(2883,)
nan
tscsdj38
2384 2384
(2384,)
nan
tscsdj39
3332 3332
(3332,)
nan
tscsdj40
1510 1510
(1510,)
nan
tscsdj41
2296 2296
(2296,)
nan
tscsdj42
1681 1681
(1681,)
5.06111683709
tscsdj43
3401 3401
(3401,)
5.10532626587
tscsdj44
2190 2190
(2190,)
nan
tscsdj45
2739 2739
(2739,)
nan
tscsdj46
2294 2294
(2294,)
nan
tscsdj47
1779 1779
(1779,)
nan
tscsdj48
2652 2652
(2652,)
nan
tscsdj49
3858 3858
(3858,)
5.06816137495
tscsdj50
2014 2014
(2014,)
nan
Beta :  2.2
tscsdj01
2777 2777
(2777,)
nan
tscsdj02
2013 2013
(2013,)
nan
tscsdj03
2163 2163
(2163,)
nan
tscsdj04
2595 2595
(2595,)
nan
tscsdj05
1969 1969
(1969,)
nan
tscsdj06
2792 2792
(2792,)
5.05239449107
tscsdj07
3253 3253
(3253,)
nan
tscsdj08
1719 1719
(1719,)
nan
tscsdj09
1678 1678
(1678,)
nan
tscsdj10
2880 2880
(2880,)
nan
tscsdj11
1739 1739
(1739,)
nan
tscsdj12
2103 2103
(2103,)
nan
tscsdj13
1791 1791
(1791,)
5.16005401984
tscsdj14
3661 3661
(3661,)
4.98962984523
tscsdj15
2455 2455
(2455,)
nan
tscsdj16
2352 2352
(2352,)
nan
tscsdj17
2843 2843
(2843,)
5.07821544084
tscsdj18
2846 2846
(2846,)
5.11939591058
tscsdj19
1788 1788
(1788,)
nan
tscsdj20
2085 2085
(2085,)
nan
tscsdj21
1337 1337
(1337,)
nan
tscsdj22
2497 2497
(2497,)
nan
tscsdj23
2988 2988
(2988,)
nan
tscsdj24
2308 2308
(2308,)
nan
tscsdj25
2045 2045
(2045,)
nan
tscsdj26
2265 2265
(2265,)
nan
tscsdj27
1924 1924
(1924,)
nan
tscsdj28
1260 1260
(1260,)
nan
tscsdj29
2698 2698
(2698,)
nan
tscsdj30
3128 3128
(3128,)
nan
tscsdj31
2385 2385
(2385,)
nan
tscsdj32
1619 1619
(1619,)
nan
tscsdj33
2878 2878
(2878,)
nan
tscsdj34
2259 2259
(2259,)
nan
tscsdj35
2043 2043
(2043,)
nan
tscsdj36
2533 2533
(2533,)
nan
tscsdj37
2883 2883
(2883,)
nan
tscsdj38
2384 2384
(2384,)
nan
tscsdj39
3332 3332
(3332,)
nan
tscsdj40
1510 1510
(1510,)
nan
tscsdj41
2296 2296
(2296,)
nan
tscsdj42
1681 1681
(1681,)
5.06111761916
tscsdj43
3401 3401
(3401,)
5.10508516173
tscsdj44
2190 2190
(2190,)
nan
tscsdj45
2739 2739
(2739,)
nan
tscsdj46
2294 2294
(2294,)
nan
tscsdj47
1779 1779
(1779,)
nan
tscsdj48
2652 2652
(2652,)
nan
tscsdj49
3858 3858
(3858,)
5.06860836736
tscsdj50
2014 2014
(2014,)
nan
Beta :  2.3
tscsdj01
2777 2777
(2777,)
nan
tscsdj02
2013 2013
(2013,)
nan
tscsdj03
2163 2163
(2163,)
nan
tscsdj04
2595 2595
(2595,)
nan
tscsdj05
1969 1969
(1969,)
nan
tscsdj06
2792 2792
(2792,)
5.05297703055
tscsdj07
3253 3253
(3253,)
nan
tscsdj08
1719 1719
(1719,)
nan
tscsdj09
1678 1678
(1678,)
nan
tscsdj10
2880 2880
(2880,)
nan
tscsdj11
1739 1739
(1739,)
nan
tscsdj12
2103 2103
(2103,)
nan
tscsdj13
1791 1791
(1791,)
5.16002021646
tscsdj14
3661 3661
(3661,)
4.98963165267
tscsdj15
2455 2455
(2455,)
nan
tscsdj16
2352 2352
(2352,)
nan
tscsdj17
2843 2843
(2843,)
5.07782835024
tscsdj18
2846 2846
(2846,)
5.11809765965
tscsdj19
1788 1788
(1788,)
nan
tscsdj20
2085 2085
(2085,)
nan
tscsdj21
1337 1337
(1337,)
nan
tscsdj22
2497 2497
(2497,)
nan
tscsdj23
2988 2988
(2988,)
nan
tscsdj24
2308 2308
(2308,)
nan
tscsdj25
2045 2045
(2045,)
nan
tscsdj26
2265 2265
(2265,)
nan
tscsdj27
1924 1924
(1924,)
nan
tscsdj28
1260 1260
(1260,)
nan
tscsdj29
2698 2698
(2698,)
nan
tscsdj30
3128 3128
(3128,)
nan
tscsdj31
2385 2385
(2385,)
nan
tscsdj32
1619 1619
(1619,)
nan
tscsdj33
2878 2878
(2878,)
nan
tscsdj34
2259 2259
(2259,)
nan
tscsdj35
2043 2043
(2043,)
nan
tscsdj36
2533 2533
(2533,)
nan
tscsdj37
2883 2883
(2883,)
nan
tscsdj38
2384 2384
(2384,)
nan
tscsdj39
3332 3332
(3332,)
nan
tscsdj40
1510 1510
(1510,)
nan
tscsdj41
2296 2296
(2296,)
nan
tscsdj42
1681 1681
(1681,)
5.06111838803
tscsdj43
3401 3401
(3401,)
5.10485291912
tscsdj44
2190 2190
(2190,)
nan
tscsdj45
2739 2739
(2739,)
nan
tscsdj46
2294 2294
(2294,)
nan
tscsdj47
1779 1779
(1779,)
nan
tscsdj48
2652 2652
(2652,)
nan
tscsdj49
3858 3858
(3858,)
5.06904701755
tscsdj50
2014 2014
(2014,)
nan
Beta :  2.4
tscsdj01
2777 2777
(2777,)
nan
tscsdj02
2013 2013
(2013,)
nan
tscsdj03
2163 2163
(2163,)
nan
tscsdj04
2595 2595
(2595,)
nan
tscsdj05
1969 1969
(1969,)
nan
tscsdj06
2792 2792
(2792,)
5.05354266661
tscsdj07
3253 3253
(3253,)
nan
tscsdj08
1719 1719
(1719,)
nan
tscsdj09
1678 1678
(1678,)
nan
tscsdj10
2880 2880
(2880,)
nan
tscsdj11
1739 1739
(1739,)
nan
tscsdj12
2103 2103
(2103,)
nan
tscsdj13
1791 1791
(1791,)
5.15998757405
tscsdj14
3661 3661
(3661,)
4.98963343606
tscsdj15
2455 2455
(2455,)
nan
tscsdj16
2352 2352
(2352,)
nan
tscsdj17
2843 2843
(2843,)
5.07744903054
tscsdj18
2846 2846
(2846,)
5.11685503695
tscsdj19
1788 1788
(1788,)
nan
tscsdj20
2085 2085
(2085,)
nan
tscsdj21
1337 1337
(1337,)
nan
tscsdj22
2497 2497
(2497,)
nan
tscsdj23
2988 2988
(2988,)
nan
tscsdj24
2308 2308
(2308,)
nan
tscsdj25
2045 2045
(2045,)
nan
tscsdj26
2265 2265
(2265,)
nan
tscsdj27
1924 1924
(1924,)
nan
tscsdj28
1260 1260
(1260,)
nan
tscsdj29
2698 2698
(2698,)
nan
tscsdj30
3128 3128
(3128,)
nan
tscsdj31
2385 2385
(2385,)
nan
tscsdj32
1619 1619
(1619,)
nan
tscsdj33
2878 2878
(2878,)
nan
tscsdj34
2259 2259
(2259,)
nan
tscsdj35
2043 2043
(2043,)
nan
tscsdj36
2533 2533
(2533,)
nan
tscsdj37
2883 2883
(2883,)
nan
tscsdj38
2384 2384
(2384,)
nan
tscsdj39
3332 3332
(3332,)
nan
tscsdj40
1510 1510
(1510,)
nan
tscsdj41
2296 2296
(2296,)
nan
tscsdj42
1681 1681
(1681,)
5.06111914406
tscsdj43
3401 3401
(3401,)
5.1046291582
tscsdj44
2190 2190
(2190,)
nan
tscsdj45
2739 2739
(2739,)
nan
tscsdj46
2294 2294
(2294,)
nan
tscsdj47
1779 1779
(1779,)
nan
tscsdj48
2652 2652
(2652,)
nan
tscsdj49
3858 3858
(3858,)
5.06947764515
tscsdj50
2014 2014
(2014,)
nan
Beta :  2.5
tscsdj01
2777 2777
(2777,)
nan
tscsdj02
2013 2013
(2013,)
nan
tscsdj03
2163 2163
(2163,)
nan
tscsdj04
2595 2595
(2595,)
nan
tscsdj05
1969 1969
(1969,)
nan
tscsdj06
2792 2792
(2792,)
5.05409222984
tscsdj07
3253 3253
(3253,)
nan
tscsdj08
1719 1719
(1719,)
nan
tscsdj09
1678 1678
(1678,)
nan
tscsdj10
2880 2880
(2880,)
nan
tscsdj11
1739 1739
(1739,)
nan
tscsdj12
2103 2103
(2103,)
nan
tscsdj13
1791 1791
(1791,)
5.15995604693
tscsdj14
3661 3661
(3661,)
4.98963519613
tscsdj15
2455 2455
(2455,)
nan
tscsdj16
2352 2352
(2352,)
nan
tscsdj17
2843 2843
(2843,)
5.07707731182
tscsdj18
2846 2846
(2846,)
5.11566481245
tscsdj19
1788 1788
(1788,)
nan
tscsdj20
2085 2085
(2085,)
nan
tscsdj21
1337 1337
(1337,)
nan
tscsdj22
2497 2497
(2497,)
nan
tscsdj23
2988 2988
(2988,)
nan
tscsdj24
2308 2308
(2308,)
nan
tscsdj25
2045 2045
(2045,)
nan
tscsdj26
2265 2265
(2265,)
nan
tscsdj27
1924 1924
(1924,)
nan
tscsdj28
1260 1260
(1260,)
nan
tscsdj29
2698 2698
(2698,)
nan
tscsdj30
3128 3128
(3128,)
nan
tscsdj31
2385 2385
(2385,)
nan
tscsdj32
1619 1619
(1619,)
nan
tscsdj33
2878 2878
(2878,)
nan
tscsdj34
2259 2259
(2259,)
nan
tscsdj35
2043 2043
(2043,)
nan
tscsdj36
2533 2533
(2533,)
nan
tscsdj37
2883 2883
(2883,)
nan
tscsdj38
2384 2384
(2384,)
nan
tscsdj39
3332 3332
(3332,)
nan
tscsdj40
1510 1510
(1510,)
nan
tscsdj41
2296 2296
(2296,)
nan
tscsdj42
1681 1681
(1681,)
5.0611198876
tscsdj43
3401 3401
(3401,)
5.10441351956
tscsdj44
2190 2190
(2190,)
nan
tscsdj45
2739 2739
(2739,)
nan
tscsdj46
2294 2294
(2294,)
nan
tscsdj47
1779 1779
(1779,)
nan
tscsdj48
2652 2652
(2652,)
nan
tscsdj49
3858 3858
(3858,)
5.06990055165
tscsdj50
2014 2014
(2014,)
nan
Beta :  2.6
tscsdj01
2777 2777
(2777,)
nan
tscsdj02
2013 2013
(2013,)
nan
tscsdj03
2163 2163
(2163,)
nan
tscsdj04
2595 2595
(2595,)
nan
tscsdj05
1969 1969
(1969,)
nan
tscsdj06
2792 2792
(2792,)
5.05460039305
tscsdj07
3253 3253
(3253,)
nan
tscsdj08
1719 1719
(1719,)
nan
tscsdj09
1678 1678
(1678,)
nan
tscsdj10
2880 2880
(2880,)
nan
tscsdj11
1739 1739
(1739,)
nan
tscsdj12
2103 2103
(2103,)
nan
tscsdj13
1791 1791
(1791,)
5.15992559177
tscsdj14
3661 3661
(3661,)
4.98963693357
tscsdj15
2455 2455
(2455,)
nan
tscsdj16
2352 2352
(2352,)
nan
tscsdj17
2843 2843
(2843,)
5.07671302649
tscsdj18
2846 2846
(2846,)
5.11452400465
tscsdj19
1788 1788
(1788,)
nan
tscsdj20
2085 2085
(2085,)
nan
tscsdj21
1337 1337
(1337,)
nan
tscsdj22
2497 2497
(2497,)
nan
tscsdj23
2988 2988
(2988,)
nan
tscsdj24
2308 2308
(2308,)
nan
tscsdj25
2045 2045
(2045,)
nan
tscsdj26
2265 2265
(2265,)
nan
tscsdj27
1924 1924
(1924,)
nan
tscsdj28
1260 1260
(1260,)
nan
tscsdj29
2698 2698
(2698,)
nan
tscsdj30
3128 3128
(3128,)
nan
tscsdj31
2385 2385
(2385,)
nan
tscsdj32
1619 1619
(1619,)
nan
tscsdj33
2878 2878
(2878,)
nan
tscsdj34
2259 2259
(2259,)
nan
tscsdj35
2043 2043
(2043,)
nan
tscsdj36
2533 2533
(2533,)
nan
tscsdj37
2883 2883
(2883,)
nan
tscsdj38
2384 2384
(2384,)
nan
tscsdj39
3332 3332
(3332,)
nan
tscsdj40
1510 1510
(1510,)
nan
tscsdj41
2296 2296
(2296,)
nan
tscsdj42
1681 1681
(1681,)
5.06112061897
tscsdj43
3401 3401
(3401,)
5.10420566285
tscsdj44
2190 2190
(2190,)
nan
tscsdj45
2739 2739
(2739,)
nan
tscsdj46
2294 2294
(2294,)
nan
tscsdj47
1779 1779
(1779,)
nan
tscsdj48
2652 2652
(2652,)
nan
tscsdj49
3858 3858
(3858,)
5.07031602175
tscsdj50
2014 2014
(2014,)
nan
Beta :  2.7
tscsdj01
2777 2777
(2777,)
nan
tscsdj02
2013 2013
(2013,)
nan
tscsdj03
2163 2163
(2163,)
nan
tscsdj04
2595 2595
(2595,)
nan
tscsdj05
1969 1969
(1969,)
nan
tscsdj06
2792 2792
(2792,)
5.05503871697
tscsdj07
3253 3253
(3253,)
nan
tscsdj08
1719 1719
(1719,)
nan
tscsdj09
1678 1678
(1678,)
nan
tscsdj10
2880 2880
(2880,)
nan
tscsdj11
1739 1739
(1739,)
nan
tscsdj12
2103 2103
(2103,)
nan
tscsdj13
1791 1791
(1791,)
5.15989616746
tscsdj14
3661 3661
(3661,)
4.98963864904
tscsdj15
2455 2455
(2455,)
nan
tscsdj16
2352 2352
(2352,)
nan
tscsdj17
2843 2843
(2843,)
5.07635600946
tscsdj18
2846 2846
(2846,)
5.11342985624
tscsdj19
1788 1788
(1788,)
nan
tscsdj20
2085 2085
(2085,)
nan
tscsdj21
1337 1337
(1337,)
nan
tscsdj22
2497 2497
(2497,)
nan
tscsdj23
2988 2988
(2988,)
nan
tscsdj24
2308 2308
(2308,)
nan
tscsdj25
2045 2045
(2045,)
nan
tscsdj26
2265 2265
(2265,)
nan
tscsdj27
1924 1924
(1924,)
nan
tscsdj28
1260 1260
(1260,)
nan
tscsdj29
2698 2698
(2698,)
nan
tscsdj30
3128 3128
(3128,)
nan
tscsdj31
2385 2385
(2385,)
nan
tscsdj32
1619 1619
(1619,)
nan
tscsdj33
2878 2878
(2878,)
nan
tscsdj34
2259 2259
(2259,)
nan
tscsdj35
2043 2043
(2043,)
nan
tscsdj36
2533 2533
(2533,)
nan
tscsdj37
2883 2883
(2883,)
nan
tscsdj38
2384 2384
(2384,)
nan
tscsdj39
3332 3332
(3332,)
nan
tscsdj40
1510 1510
(1510,)
nan
tscsdj41
2296 2296
(2296,)
nan
tscsdj42
1681 1681
(1681,)
5.06112133849
tscsdj43
3401 3401
(3401,)
5.1040052656
tscsdj44
2190 2190
(2190,)
nan
tscsdj45
2739 2739
(2739,)
nan
tscsdj46
2294 2294
(2294,)
nan
tscsdj47
1779 1779
(1779,)
nan
tscsdj48
2652 2652
(2652,)
nan
tscsdj49
3858 3858
(3858,)
5.07072432456
tscsdj50
2014 2014
(2014,)
nan
Beta :  2.8
tscsdj01
2777 2777
(2777,)
nan
tscsdj02
2013 2013
(2013,)
nan
tscsdj03
2163 2163
(2163,)
nan
tscsdj04
2595 2595
(2595,)
nan
tscsdj05
1969 1969
(1969,)
nan
tscsdj06
2792 2792
(2792,)
5.05545576687
tscsdj07
3253 3253
(3253,)
nan
tscsdj08
1719 1719
(1719,)
nan
tscsdj09
1678 1678
(1678,)
nan
tscsdj10
2880 2880
(2880,)
nan
tscsdj11
1739 1739
(1739,)
nan
tscsdj12
2103 2103
(2103,)
nan
tscsdj13
1791 1791
(1791,)
5.15986773491
tscsdj14
3661 3661
(3661,)
4.98964034315
tscsdj15
2455 2455
(2455,)
nan
tscsdj16
2352 2352
(2352,)
nan
tscsdj17
2843 2843
(2843,)
5.07600609836
tscsdj18
2846 2846
(2846,)
5.11237981272
tscsdj19
1788 1788
(1788,)
nan
tscsdj20
2085 2085
(2085,)
nan
tscsdj21
1337 1337
(1337,)
nan
tscsdj22
2497 2497
(2497,)
nan
tscsdj23
2988 2988
(2988,)
nan
tscsdj24
2308 2308
(2308,)
nan
tscsdj25
2045 2045
(2045,)
nan
tscsdj26
2265 2265
(2265,)
nan
tscsdj27
1924 1924
(1924,)
nan
tscsdj28
1260 1260
(1260,)
nan
tscsdj29
2698 2698
(2698,)
nan
tscsdj30
3128 3128
(3128,)
nan
tscsdj31
2385 2385
(2385,)
nan
tscsdj32
1619 1619
(1619,)
nan
tscsdj33
2878 2878
(2878,)
nan
tscsdj34
2259 2259
(2259,)
nan
tscsdj35
2043 2043
(2043,)
nan
tscsdj36
2533 2533
(2533,)
nan
tscsdj37
2883 2883
(2883,)
nan
tscsdj38
2384 2384
(2384,)
nan
tscsdj39
3332 3332
(3332,)
nan
tscsdj40
1510 1510
(1510,)
nan
tscsdj41
2296 2296
(2296,)
nan
tscsdj42
1681 1681
(1681,)
5.06112204648
tscsdj43
3401 3401
(3401,)
5.10381202203
tscsdj44
2190 2190
(2190,)
nan
tscsdj45
2739 2739
(2739,)
nan
tscsdj46
2294 2294
(2294,)
nan
tscsdj47
1779 1779
(1779,)
nan
tscsdj48
2652 2652
(2652,)
nan
tscsdj49
3858 3858
(3858,)
5.07112571466
tscsdj50
2014 2014
(2014,)
nan
Beta :  2.9
tscsdj01
2777 2777
(2777,)
nan
tscsdj02
2013 2013
(2013,)
nan
tscsdj03
2163 2163
(2163,)
nan
tscsdj04
2595 2595
(2595,)
nan
tscsdj05
1969 1969
(1969,)
nan
tscsdj06
2792 2792
(2792,)
5.05586211995
tscsdj07
3253 3253
(3253,)
nan
tscsdj08
1719 1719
(1719,)
nan
tscsdj09
1678 1678
(1678,)
nan
tscsdj10
2880 2880
(2880,)
nan
tscsdj11
1739 1739
(1739,)
nan
tscsdj12
2103 2103
(2103,)
nan
tscsdj13
1791 1791
(1791,)
5.159840257
tscsdj14
3661 3661
(3661,)
4.98964201652
tscsdj15
2455 2455
(2455,)
nan
tscsdj16
2352 2352
(2352,)
nan
tscsdj17
2843 2843
(2843,)
5.07566313365
tscsdj18
2846 2846
(2846,)
5.11137150348
tscsdj19
1788 1788
(1788,)
nan
tscsdj20
2085 2085
(2085,)
nan
tscsdj21
1337 1337
(1337,)
nan
tscsdj22
2497 2497
(2497,)
nan
tscsdj23
2988 2988
(2988,)
nan
tscsdj24
2308 2308
(2308,)
nan
tscsdj25
2045 2045
(2045,)
nan
tscsdj26
2265 2265
(2265,)
nan
tscsdj27
1924 1924
(1924,)
nan
tscsdj28
1260 1260
(1260,)
nan
tscsdj29
2698 2698
(2698,)
nan
tscsdj30
3128 3128
(3128,)
nan
tscsdj31
2385 2385
(2385,)
nan
tscsdj32
1619 1619
(1619,)
nan
tscsdj33
2878 2878
(2878,)
nan
tscsdj34
2259 2259
(2259,)
nan
tscsdj35
2043 2043
(2043,)
nan
tscsdj36
2533 2533
(2533,)
nan
tscsdj37
2883 2883
(2883,)
nan
tscsdj38
2384 2384
(2384,)
nan
tscsdj39
3332 3332
(3332,)
nan
tscsdj40
1510 1510
(1510,)
nan
tscsdj41
2296 2296
(2296,)
nan
tscsdj42
1681 1681
(1681,)
5.06112274323
tscsdj43
3401 3401
(3401,)
5.10362564204
tscsdj44
2190 2190
(2190,)
nan
tscsdj45
2739 2739
(2739,)
nan
tscsdj46
2294 2294
(2294,)
nan
tscsdj47
1779 1779
(1779,)
nan
tscsdj48
2652 2652
(2652,)
nan
tscsdj49
3858 3858
(3858,)
5.07152043319
tscsdj50
2014 2014
(2014,)
nan
Beta :  3.0
tscsdj01
2777 2777
(2777,)
nan
tscsdj02
2013 2013
(2013,)
nan
tscsdj03
2163 2163
(2163,)
nan
tscsdj04
2595 2595
(2595,)
nan
tscsdj05
1969 1969
(1969,)
nan
tscsdj06
2792 2792
(2792,)
5.05625826668
tscsdj07
3253 3253
(3253,)
nan
tscsdj08
1719 1719
(1719,)
nan
tscsdj09
1678 1678
(1678,)
nan
tscsdj10
2880 2880
(2880,)
nan
tscsdj11
1739 1739
(1739,)
nan
tscsdj12
2103 2103
(2103,)
nan
tscsdj13
1791 1791
(1791,)
5.15981369837
tscsdj14
3661 3661
(3661,)
4.98964366971
tscsdj15
2455 2455
(2455,)
nan
tscsdj16
2352 2352
(2352,)
nan
tscsdj17
2843 2843
(2843,)
5.07532695872
tscsdj18
2846 2846
(2846,)
5.11040272506
tscsdj19
1788 1788
(1788,)
nan
tscsdj20
2085 2085
(2085,)
nan
tscsdj21
1337 1337
(1337,)
nan
tscsdj22
2497 2497
(2497,)
nan
tscsdj23
2988 2988
(2988,)
nan
tscsdj24
2308 2308
(2308,)
nan
tscsdj25
2045 2045
(2045,)
nan
tscsdj26
2265 2265
(2265,)
nan
tscsdj27
1924 1924
(1924,)
nan
tscsdj28
1260 1260
(1260,)
nan
tscsdj29
2698 2698
(2698,)
nan
tscsdj30
3128 3128
(3128,)
nan
tscsdj31
2385 2385
(2385,)
nan
tscsdj32
1619 1619
(1619,)
nan
tscsdj33
2878 2878
(2878,)
nan
tscsdj34
2259 2259
(2259,)
nan
tscsdj35
2043 2043
(2043,)
nan
tscsdj36
2533 2533
(2533,)
nan
tscsdj37
2883 2883
(2883,)
nan
tscsdj38
2384 2384
(2384,)
nan
tscsdj39
3332 3332
(3332,)
nan
tscsdj40
1510 1510
(1510,)
nan
tscsdj41
2296 2296
(2296,)
nan
tscsdj42
1681 1681
(1681,)
5.06112342903
tscsdj43
3401 3401
(3401,)
5.10344585023
tscsdj44
2190 2190
(2190,)
nan
tscsdj45
2739 2739
(2739,)
nan
tscsdj46
2294 2294
(2294,)
nan
tscsdj47
1779 1779
(1779,)
nan
tscsdj48
2652 2652
(2652,)
nan
tscsdj49
3858 3858
(3858,)
5.07190870865
tscsdj50
2014 2014
(2014,)
nan
Beta :  3.1
tscsdj01
2777 2777
(2777,)
nan
tscsdj02
2013 2013
(2013,)
nan
tscsdj03
2163 2163
(2163,)
nan
tscsdj04
2595 2595
(2595,)
nan
tscsdj05
1969 1969
(1969,)
nan
tscsdj06
2792 2792
(2792,)
5.05664466723
tscsdj07
3253 3253
(3253,)
nan
tscsdj08
1719 1719
(1719,)
nan
tscsdj09
1678 1678
(1678,)
nan
tscsdj10
2880 2880
(2880,)
nan
tscsdj11
1739 1739
(1739,)
nan
tscsdj12
2103 2103
(2103,)
nan
tscsdj13
1791 1791
(1791,)
5.15978509039
tscsdj14
3661 3661
(3661,)
4.98964530326
tscsdj15
2455 2455
(2455,)
nan
tscsdj16
2352 2352
(2352,)
nan
tscsdj17
2843 2843
(2843,)
5.07499742002
tscsdj18
2846 2846
(2846,)
5.10947142622
tscsdj19
1788 1788
(1788,)
nan
tscsdj20
2085 2085
(2085,)
nan
tscsdj21
1337 1337
(1337,)
nan
tscsdj22
2497 2497
(2497,)
nan
tscsdj23
2988 2988
(2988,)
nan
tscsdj24
2308 2308
(2308,)
nan
tscsdj25
2045 2045
(2045,)
nan
tscsdj26
2265 2265
(2265,)
nan
tscsdj27
1924 1924
(1924,)
nan
tscsdj28
1260 1260
(1260,)
nan
tscsdj29
2698 2698
(2698,)
nan
tscsdj30
3128 3128
(3128,)
nan
tscsdj31
2385 2385
(2385,)
nan
tscsdj32
1619 1619
(1619,)
nan
tscsdj33
2878 2878
(2878,)
nan
tscsdj34
2259 2259
(2259,)
nan
tscsdj35
2043 2043
(2043,)
nan
tscsdj36
2533 2533
(2533,)
nan
tscsdj37
2883 2883
(2883,)
nan
tscsdj38
2384 2384
(2384,)
nan
tscsdj39
3332 3332
(3332,)
nan
tscsdj40
1510 1510
(1510,)
nan
tscsdj41
2296 2296
(2296,)
nan
tscsdj42
1681 1681
(1681,)
5.06112410416
tscsdj43
3401 3401
(3401,)
5.10327238497
tscsdj44
2190 2190
(2190,)
nan
tscsdj45
2739 2739
(2739,)
nan
tscsdj46
2294 2294
(2294,)
nan
tscsdj47
1779 1779
(1779,)
nan
tscsdj48
2652 2652
(2652,)
nan
tscsdj49
3858 3858
(3858,)
5.07229075788
tscsdj50
2014 2014
(2014,)
nan
Beta :  3.2
tscsdj01
2777 2777
(2777,)
nan
tscsdj02
2013 2013
(2013,)
nan
tscsdj03
2163 2163
(2163,)
nan
tscsdj04
2595 2595
(2595,)
nan
tscsdj05
1969 1969
(1969,)
nan
tscsdj06
2792 2792
(2792,)
5.05702175379
tscsdj07
3253 3253
(3253,)
nan
tscsdj08
1719 1719
(1719,)
nan
tscsdj09
1678 1678
(1678,)
nan
tscsdj10
2880 2880
(2880,)
nan
tscsdj11
1739 1739
(1739,)
nan
tscsdj12
2103 2103
(2103,)
nan
tscsdj13
1791 1791
(1791,)
5.15975354725
tscsdj14
3661 3661
(3661,)
4.9896469177
tscsdj15
2455 2455
(2455,)
nan
tscsdj16
2352 2352
(2352,)
nan
tscsdj17
2843 2843
(2843,)
5.07467436705
tscsdj18
2846 2846
(2846,)
5.1085756947
tscsdj19
1788 1788
(1788,)
nan
tscsdj20
2085 2085
(2085,)
nan
tscsdj21
1337 1337
(1337,)
nan
tscsdj22
2497 2497
(2497,)
nan
tscsdj23
2988 2988
(2988,)
nan
tscsdj24
2308 2308
(2308,)
nan
tscsdj25
2045 2045
(2045,)
nan
tscsdj26
2265 2265
(2265,)
nan
tscsdj27
1924 1924
(1924,)
nan
tscsdj28
1260 1260
(1260,)
nan
tscsdj29
2698 2698
(2698,)
nan
tscsdj30
3128 3128
(3128,)
nan
tscsdj31
2385 2385
(2385,)
nan
tscsdj32
1619 1619
(1619,)
nan
tscsdj33
2878 2878
(2878,)
nan
tscsdj34
2259 2259
(2259,)
nan
tscsdj35
2043 2043
(2043,)
nan
tscsdj36
2533 2533
(2533,)
nan
tscsdj37
2883 2883
(2883,)
nan
tscsdj38
2384 2384
(2384,)
nan
tscsdj39
3332 3332
(3332,)
nan
tscsdj40
1510 1510
(1510,)
nan
tscsdj41
2296 2296
(2296,)
nan
tscsdj42
1681 1681
(1681,)
5.06112476888
tscsdj43
3401 3401
(3401,)
5.10310499758
tscsdj44
2190 2190
(2190,)
nan
tscsdj45
2739 2739
(2739,)
nan
tscsdj46
2294 2294
(2294,)
nan
tscsdj47
1779 1779
(1779,)
nan
tscsdj48
2652 2652
(2652,)
nan
tscsdj49
3858 3858
(3858,)
5.07266678672
tscsdj50
2014 2014
(2014,)
nan
Beta :  3.3
tscsdj01
2777 2777
(2777,)
nan
tscsdj02
2013 2013
(2013,)
nan
tscsdj03
2163 2163
(2163,)
nan
tscsdj04
2595 2595
(2595,)
nan
tscsdj05
1969 1969
(1969,)
nan
tscsdj06
2792 2792
(2792,)
5.05738993259
tscsdj07
3253 3253
(3253,)
nan
tscsdj08
1719 1719
(1719,)
nan
tscsdj09
1678 1678
(1678,)
nan
tscsdj10
2880 2880
(2880,)
nan
tscsdj11
1739 1739
(1739,)
nan
tscsdj12
2103 2103
(2103,)
nan
tscsdj13
1791 1791
(1791,)
5.15972293102
tscsdj14
3661 3661
(3661,)
4.98964851354
tscsdj15
2455 2455
(2455,)
nan
tscsdj16
2352 2352
(2352,)
nan
tscsdj17
2843 2843
(2843,)
5.07435765249
tscsdj18
2846 2846
(2846,)
5.1077137453
tscsdj19
1788 1788
(1788,)
nan
tscsdj20
2085 2085
(2085,)
nan
tscsdj21
1337 1337
(1337,)
nan
tscsdj22
2497 2497
(2497,)
nan
tscsdj23
2988 2988
(2988,)
nan
tscsdj24
2308 2308
(2308,)
nan
tscsdj25
2045 2045
(2045,)
nan
tscsdj26
2265 2265
(2265,)
nan
tscsdj27
1924 1924
(1924,)
nan
tscsdj28
1260 1260
(1260,)
nan
tscsdj29
2698 2698
(2698,)
nan
tscsdj30
3128 3128
(3128,)
nan
tscsdj31
2385 2385
(2385,)
nan
tscsdj32
1619 1619
(1619,)
nan
tscsdj33
2878 2878
(2878,)
nan
tscsdj34
2259 2259
(2259,)
nan
tscsdj35
2043 2043
(2043,)
nan
tscsdj36
2533 2533
(2533,)
nan
tscsdj37
2883 2883
(2883,)
nan
tscsdj38
2384 2384
(2384,)
nan
tscsdj39
3332 3332
(3332,)
nan
tscsdj40
1510 1510
(1510,)
nan
tscsdj41
2296 2296
(2296,)
nan
tscsdj42
1681 1681
(1681,)
5.06112542347
tscsdj43
3401 3401
(3401,)
5.10294345153
tscsdj44
2190 2190
(2190,)
nan
tscsdj45
2739 2739
(2739,)
nan
tscsdj46
2294 2294
(2294,)
nan
tscsdj47
1779 1779
(1779,)
nan
tscsdj48
2652 2652
(2652,)
nan
tscsdj49
3858 3858
(3858,)
5.07303699081
tscsdj50
2014 2014
(2014,)
nan
Beta :  3.4
tscsdj01
2777 2777
(2777,)
nan
tscsdj02
2013 2013
(2013,)
nan
tscsdj03
2163 2163
(2163,)
nan
tscsdj04
2595 2595
(2595,)
nan
tscsdj05
1969 1969
(1969,)
nan
tscsdj06
2792 2792
(2792,)
5.05774958584
tscsdj07
3253 3253
(3253,)
nan
tscsdj08
1719 1719
(1719,)
nan
tscsdj09
1678 1678
(1678,)
nan
tscsdj10
2880 2880
(2880,)
nan
tscsdj11
1739 1739
(1739,)
nan
tscsdj12
2103 2103
(2103,)
nan
tscsdj13
1791 1791
(1791,)
5.15969320992
tscsdj14
3661 3661
(3661,)
4.98965009124
tscsdj15
2455 2455
(2455,)
nan
tscsdj16
2352 2352
(2352,)
nan
tscsdj17
2843 2843
(2843,)
5.07404713212
tscsdj18
2846 2846
(2846,)
5.10688390929
tscsdj19
1788 1788
(1788,)
nan
tscsdj20
2085 2085
(2085,)
nan
tscsdj21
1337 1337
(1337,)
nan
tscsdj22
2497 2497
(2497,)
nan
tscsdj23
2988 2988
(2988,)
nan
tscsdj24
2308 2308
(2308,)
nan
tscsdj25
2045 2045
(2045,)
nan
tscsdj26
2265 2265
(2265,)
nan
tscsdj27
1924 1924
(1924,)
nan
tscsdj28
1260 1260
(1260,)
nan
tscsdj29
2698 2698
(2698,)
nan
tscsdj30
3128 3128
(3128,)
nan
tscsdj31
2385 2385
(2385,)
nan
tscsdj32
1619 1619
(1619,)
nan
tscsdj33
2878 2878
(2878,)
nan
tscsdj34
2259 2259
(2259,)
nan
tscsdj35
2043 2043
(2043,)
nan
tscsdj36
2533 2533
(2533,)
nan
tscsdj37
2883 2883
(2883,)
nan
tscsdj38
2384 2384
(2384,)
nan
tscsdj39
3332 3332
(3332,)
nan
tscsdj40
1510 1510
(1510,)
nan
tscsdj41
2296 2296
(2296,)
nan
tscsdj42
1681 1681
(1681,)
5.06112606817
tscsdj43
3401 3401
(3401,)
5.10278752176
tscsdj44
2190 2190
(2190,)
nan
tscsdj45
2739 2739
(2739,)
nan
tscsdj46
2294 2294
(2294,)
nan
tscsdj47
1779 1779
(1779,)
nan
tscsdj48
2652 2652
(2652,)
nan
tscsdj49
3858 3858
(3858,)
5.07340155621
tscsdj50
2014 2014
(2014,)
nan
Beta :  3.5
tscsdj01
2777 2777
(2777,)
nan
tscsdj02
2013 2013
(2013,)
nan
tscsdj03
2163 2163
(2163,)
nan
tscsdj04
2595 2595
(2595,)
nan
tscsdj05
1969 1969
(1969,)
nan
tscsdj06
2792 2792
(2792,)
5.05810107346
tscsdj07
3253 3253
(3253,)
nan
tscsdj08
1719 1719
(1719,)
nan
tscsdj09
1678 1678
(1678,)
nan
tscsdj10
2880 2880
(2880,)
nan
tscsdj11
1739 1739
(1739,)
nan
tscsdj12
2103 2103
(2103,)
nan
tscsdj13
1791 1791
(1791,)
5.15966435361
tscsdj14
3661 3661
(3661,)
4.98965165127
tscsdj15
2455 2455
(2455,)
nan
tscsdj16
2352 2352
(2352,)
nan
tscsdj17
2843 2843
(2843,)
5.07374266492
tscsdj18
2846 2846
(2846,)
5.10608462486
tscsdj19
1788 1788
(1788,)
nan
tscsdj20
2085 2085
(2085,)
nan
tscsdj21
1337 1337
(1337,)
nan
tscsdj22
2497 2497
(2497,)
nan
tscsdj23
2988 2988
(2988,)
nan
tscsdj24
2308 2308
(2308,)
nan
tscsdj25
2045 2045
(2045,)
nan
tscsdj26
2265 2265
(2265,)
nan
tscsdj27
1924 1924
(1924,)
nan
tscsdj28
1260 1260
(1260,)
nan
tscsdj29
2698 2698
(2698,)
nan
tscsdj30
3128 3128
(3128,)
nan
tscsdj31
2385 2385
(2385,)
nan
tscsdj32
1619 1619
(1619,)
nan
tscsdj33
2878 2878
(2878,)
nan
tscsdj34
2259 2259
(2259,)
nan
tscsdj35
2043 2043
(2043,)
nan
tscsdj36
2533 2533
(2533,)
nan
tscsdj37
2883 2883
(2883,)
nan
tscsdj38
2384 2384
(2384,)
nan
tscsdj39
3332 3332
(3332,)
nan
tscsdj40
1510 1510
(1510,)
nan
tscsdj41
2296 2296
(2296,)
nan
tscsdj42
1681 1681
(1681,)
5.06112670323
tscsdj43
3401 3401
(3401,)
5.10263699396
tscsdj44
2190 2190
(2190,)
nan
tscsdj45
2739 2739
(2739,)
nan
tscsdj46
2294 2294
(2294,)
nan
tscsdj47
1779 1779
(1779,)
nan
tscsdj48
2652 2652
(2652,)
nan
tscsdj49
3858 3858
(3858,)
5.07376066001
tscsdj50
2014 2014
(2014,)
nan
Beta :  3.6
tscsdj01
2777 2777
(2777,)
nan
tscsdj02
2013 2013
(2013,)
nan
tscsdj03
2163 2163
(2163,)
nan
tscsdj04
2595 2595
(2595,)
nan
tscsdj05
1969 1969
(1969,)
nan
tscsdj06
2792 2792
(2792,)
5.05844473468
tscsdj07
3253 3253
(3253,)
nan
tscsdj08
1719 1719
(1719,)
nan
tscsdj09
1678 1678
(1678,)
nan
tscsdj10
2880 2880
(2880,)
nan
tscsdj11
1739 1739
(1739,)
nan
tscsdj12
2103 2103
(2103,)
nan
tscsdj13
1791 1791
(1791,)
5.15963633304
tscsdj14
3661 3661
(3661,)
4.98965319407
tscsdj15
2455 2455
(2455,)
nan
tscsdj16
2352 2352
(2352,)
nan
tscsdj17
2843 2843
(2843,)
5.07344411301
tscsdj18
2846 2846
(2846,)
5.10531442849
tscsdj19
1788 1788
(1788,)
nan
tscsdj20
2085 2085
(2085,)
nan
tscsdj21
1337 1337
(1337,)
nan
tscsdj22
2497 2497
(2497,)
nan
tscsdj23
2988 2988
(2988,)
nan
tscsdj24
2308 2308
(2308,)
nan
tscsdj25
2045 2045
(2045,)
nan
tscsdj26
2265 2265
(2265,)
nan
tscsdj27
1924 1924
(1924,)
nan
tscsdj28
1260 1260
(1260,)
nan
tscsdj29
2698 2698
(2698,)
nan
tscsdj30
3128 3128
(3128,)
nan
tscsdj31
2385 2385
(2385,)
nan
tscsdj32
1619 1619
(1619,)
nan
tscsdj33
2878 2878
(2878,)
nan
tscsdj34
2259 2259
(2259,)
nan
tscsdj35
2043 2043
(2043,)
nan
tscsdj36
2533 2533
(2533,)
nan
tscsdj37
2883 2883
(2883,)
nan
tscsdj38
2384 2384
(2384,)
nan
tscsdj39
3332 3332
(3332,)
nan
tscsdj40
1510 1510
(1510,)
nan
tscsdj41
2296 2296
(2296,)
nan
tscsdj42
1681 1681
(1681,)
5.06112732887
tscsdj43
3401 3401
(3401,)
5.10249166396
tscsdj44
2190 2190
(2190,)
nan
tscsdj45
2739 2739
(2739,)
nan
tscsdj46
2294 2294
(2294,)
nan
tscsdj47
1779 1779
(1779,)
nan
tscsdj48
2652 2652
(2652,)
nan
tscsdj49
3858 3858
(3858,)
5.0741144709
tscsdj50
2014 2014
(2014,)
nan
Beta :  3.7
tscsdj01
2777 2777
(2777,)
nan
tscsdj02
2013 2013
(2013,)
nan
tscsdj03
2163 2163
(2163,)
nan
tscsdj04
2595 2595
(2595,)
nan
tscsdj05
1969 1969
(1969,)
nan
tscsdj06
2792 2792
(2792,)
5.05878088946
tscsdj07
3253 3253
(3253,)
nan
tscsdj08
1719 1719
(1719,)
nan
tscsdj09
1678 1678
(1678,)
nan
tscsdj10
2880 2880
(2880,)
nan
tscsdj11
1739 1739
(1739,)
nan
tscsdj12
2103 2103
(2103,)
nan
tscsdj13
1791 1791
(1791,)
5.15960912045
tscsdj14
3661 3661
(3661,)
4.98965472005
tscsdj15
2455 2455
(2455,)
nan
tscsdj16
2352 2352
(2352,)
nan
tscsdj17
2843 2843
(2843,)
5.07315134166
tscsdj18
2846 2846
(2846,)
5.10457194719
tscsdj19
1788 1788
(1788,)
nan
tscsdj20
2085 2085
(2085,)
nan
tscsdj21
1337 1337
(1337,)
nan
tscsdj22
2497 2497
(2497,)
nan
tscsdj23
2988 2988
(2988,)
nan
tscsdj24
2308 2308
(2308,)
nan
tscsdj25
2045 2045
(2045,)
nan
tscsdj26
2265 2265
(2265,)
nan
tscsdj27
1924 1924
(1924,)
nan
tscsdj28
1260 1260
(1260,)
nan
tscsdj29
2698 2698
(2698,)
nan
tscsdj30
3128 3128
(3128,)
nan
tscsdj31
2385 2385
(2385,)
nan
tscsdj32
1619 1619
(1619,)
nan
tscsdj33
2878 2878
(2878,)
nan
tscsdj34
2259 2259
(2259,)
nan
tscsdj35
2043 2043
(2043,)
nan
tscsdj36
2533 2533
(2533,)
nan
tscsdj37
2883 2883
(2883,)
nan
tscsdj38
2384 2384
(2384,)
nan
tscsdj39
3332 3332
(3332,)
nan
tscsdj40
1510 1510
(1510,)
nan
tscsdj41
2296 2296
(2296,)
nan
tscsdj42
1681 1681
(1681,)
5.06112794534
tscsdj43
3401 3401
(3401,)
5.10235133714
tscsdj44
2190 2190
(2190,)
nan
tscsdj45
2739 2739
(2739,)
nan
tscsdj46
2294 2294
(2294,)
nan
tscsdj47
1779 1779
(1779,)
nan
tscsdj48
2652 2652
(2652,)
nan
tscsdj49
3858 3858
(3858,)
5.07446314969
tscsdj50
2014 2014
(2014,)
nan
Beta :  3.8
tscsdj01
2777 2777
(2777,)
nan
tscsdj02
2013 2013
(2013,)
nan
tscsdj03
2163 2163
(2163,)
nan
tscsdj04
2595 2595
(2595,)
nan
tscsdj05
1969 1969
(1969,)
nan
tscsdj06
2792 2792
(2792,)
5.05910983988
tscsdj07
3253 3253
(3253,)
nan
tscsdj08
1719 1719
(1719,)
nan
tscsdj09
1678 1678
(1678,)
nan
tscsdj10
2880 2880
(2880,)
nan
tscsdj11
1739 1739
(1739,)
nan
tscsdj12
2103 2103
(2103,)
nan
tscsdj13
1791 1791
(1791,)
5.15958268926
tscsdj14
3661 3661
(3661,)
4.98965622964
tscsdj15
2455 2455
(2455,)
nan
tscsdj16
2352 2352
(2352,)
nan
tscsdj17
2843 2843
(2843,)
5.07286421926
tscsdj18
2846 2846
(2846,)
5.10385589153
tscsdj19
1788 1788
(1788,)
nan
tscsdj20
2085 2085
(2085,)
nan
tscsdj21
1337 1337
(1337,)
nan
tscsdj22
2497 2497
(2497,)
nan
tscsdj23
2988 2988
(2988,)
nan
tscsdj24
2308 2308
(2308,)
nan
tscsdj25
2045 2045
(2045,)
nan
tscsdj26
2265 2265
(2265,)
nan
tscsdj27
1924 1924
(1924,)
nan
tscsdj28
1260 1260
(1260,)
nan
tscsdj29
2698 2698
(2698,)
nan
tscsdj30
3128 3128
(3128,)
nan
tscsdj31
2385 2385
(2385,)
nan
tscsdj32
1619 1619
(1619,)
nan
tscsdj33
2878 2878
(2878,)
nan
tscsdj34
2259 2259
(2259,)
nan
tscsdj35
2043 2043
(2043,)
nan
tscsdj36
2533 2533
(2533,)
nan
tscsdj37
2883 2883
(2883,)
nan
tscsdj38
2384 2384
(2384,)
nan
tscsdj39
3332 3332
(3332,)
nan
tscsdj40
1510 1510
(1510,)
nan
tscsdj41
2296 2296
(2296,)
nan
tscsdj42
1681 1681
(1681,)
5.06112855285
tscsdj43
3401 3401
(3401,)
5.10221582789
tscsdj44
2190 2190
(2190,)
nan
tscsdj45
2739 2739
(2739,)
nan
tscsdj46
2294 2294
(2294,)
nan
tscsdj47
1779 1779
(1779,)
nan
tscsdj48
2652 2652
(2652,)
nan
tscsdj49
3858 3858
(3858,)
5.07480684976
tscsdj50
2014 2014
(2014,)
nan
Beta :  3.9
tscsdj01
2777 2777
(2777,)
nan
tscsdj02
2013 2013
(2013,)
nan
tscsdj03
2163 2163
(2163,)
nan
tscsdj04
2595 2595
(2595,)
nan
tscsdj05
1969 1969
(1969,)
nan
tscsdj06
2792 2792
(2792,)
5.05943187135
tscsdj07
3253 3253
(3253,)
nan
tscsdj08
1719 1719
(1719,)
nan
tscsdj09
1678 1678
(1678,)
nan
tscsdj10
2880 2880
(2880,)
nan
tscsdj11
1739 1739
(1739,)
nan
tscsdj12
2103 2103
(2103,)
nan
tscsdj13
1791 1791
(1791,)
5.15955701402
tscsdj14
3661 3661
(3661,)
4.98965772321
tscsdj15
2455 2455
(2455,)
nan
tscsdj16
2352 2352
(2352,)
nan
tscsdj17
2843 2843
(2843,)
5.07258261728
tscsdj18
2846 2846
(2846,)
5.10316504925
tscsdj19
1788 1788
(1788,)
nan
tscsdj20
2085 2085
(2085,)
nan
tscsdj21
1337 1337
(1337,)
nan
tscsdj22
2497 2497
(2497,)
nan
tscsdj23
2988 2988
(2988,)
nan
tscsdj24
2308 2308
(2308,)
nan
tscsdj25
2045 2045
(2045,)
nan
tscsdj26
2265 2265
(2265,)
nan
tscsdj27
1924 1924
(1924,)
nan
tscsdj28
1260 1260
(1260,)
nan
tscsdj29
2698 2698
(2698,)
nan
tscsdj30
3128 3128
(3128,)
nan
tscsdj31
2385 2385
(2385,)
nan
tscsdj32
1619 1619
(1619,)
nan
tscsdj33
2878 2878
(2878,)
nan
tscsdj34
2259 2259
(2259,)
nan
tscsdj35
2043 2043
(2043,)
nan
tscsdj36
2533 2533
(2533,)
nan
tscsdj37
2883 2883
(2883,)
nan
tscsdj38
2384 2384
(2384,)
nan
tscsdj39
3332 3332
(3332,)
nan
tscsdj40
1510 1510
(1510,)
nan
tscsdj41
2296 2296
(2296,)
nan
tscsdj42
1681 1681
(1681,)
5.06112915162
tscsdj43
3401 3401
(3401,)
5.10208495912
tscsdj44
2190 2190
(2190,)
nan
tscsdj45
2739 2739
(2739,)
nan
tscsdj46
2294 2294
(2294,)
nan
tscsdj47
1779 1779
(1779,)
nan
tscsdj48
2652 2652
(2652,)
nan
tscsdj49
3858 3858
(3858,)
5.07514571756
tscsdj50
2014 2014
(2014,)
nan
