Beta :  0.1
tscsdj01
2777 2777
(2777,)
nan
tscsdj02
2013 2013
(2013,)
nan
tscsdj03
2163 2163
(2163,)
nan
tscsdj04
2595 2595
(2595,)
nan
tscsdj05
1969 1969
(1969,)
nan
tscsdj06
2792 2792
(2792,)
5.0341582069
tscsdj07
3253 3253
(3253,)
nan
tscsdj08
1719 1719
(1719,)
nan
tscsdj09
1678 1678
(1678,)
nan
tscsdj10
2880 2880
(2880,)
nan
tscsdj11
1739 1739
(1739,)
nan
tscsdj12
2103 2103
(2103,)
nan
tscsdj13
1791 1791
(1791,)
5.16004575486
tscsdj14
3661 3661
(3661,)
4.9895765717
tscsdj15
2455 2455
(2455,)
nan
tscsdj16
2352 2352
(2352,)
nan
tscsdj17
2843 2843
(2843,)
5.0701804126
tscsdj18
2846 2846
(2846,)
5.09182502394
tscsdj19
1788 1788
(1788,)
nan
tscsdj20
2085 2085
(2085,)
nan
tscsdj21
1337 1337
(1337,)
nan
tscsdj22
2497 2497
(2497,)
nan
tscsdj23
2988 2988
(2988,)
nan
tscsdj24
2308 2308
(2308,)
nan
tscsdj25
2045 2045
(2045,)
nan
tscsdj26
2265 2265
(2265,)
nan
tscsdj27
1924 1924
(1924,)
nan
tscsdj28
1260 1260
(1260,)
nan
tscsdj29
2698 2698
(2698,)
nan
tscsdj30
3128 3128
(3128,)
nan
tscsdj31
2385 2385
(2385,)
nan
tscsdj32
1619 1619
(1619,)
nan
tscsdj33
2878 2878
(2878,)
nan
tscsdj34
2259 2259
(2259,)
nan
tscsdj35
2043 2043
(2043,)
nan
tscsdj36
2533 2533
(2533,)
nan
tscsdj37
2883 2883
(2883,)
nan
tscsdj38
2384 2384
(2384,)
nan
tscsdj39
3332 3332
(3332,)
nan
tscsdj40
1510 1510
(1510,)
nan
tscsdj41
2296 2296
(2296,)
nan
tscsdj42
1681 1681
(1681,)
5.06109931344
tscsdj43
3401 3401
(3401,)
5.11205019181
tscsdj44
2190 2190
(2190,)
nan
tscsdj45
2739 2739
(2739,)
nan
tscsdj46
2294 2294
(2294,)
nan
tscsdj47
1779 1779
(1779,)
nan
tscsdj48
2652 2652
(2652,)
nan
tscsdj49
3858 3858
(3858,)
5.05653320105
tscsdj50
2014 2014
(2014,)
nan
Beta :  0.2
tscsdj01
2777 2777
(2777,)
nan
tscsdj02
2013 2013
(2013,)
nan
tscsdj03
2163 2163
(2163,)
nan
tscsdj04
2595 2595
(2595,)
nan
tscsdj05
1969 1969
(1969,)
nan
tscsdj06
2792 2792
(2792,)
5.03597713644
tscsdj07
3253 3253
(3253,)
nan
tscsdj08
1719 1719
(1719,)
nan
tscsdj09
1678 1678
(1678,)
nan
tscsdj10
2880 2880
(2880,)
nan
tscsdj11
1739 1739
(1739,)
nan
tscsdj12
2103 2103
(2103,)
nan
tscsdj13
1791 1791
(1791,)
5.15885955802
tscsdj14
3661 3661
(3661,)
4.98957125248
tscsdj15
2455 2455
(2455,)
nan
tscsdj16
2352 2352
(2352,)
nan
tscsdj17
2843 2843
(2843,)
5.07148775509
tscsdj18
2846 2846
(2846,)
5.0945920204
tscsdj19
1788 1788
(1788,)
nan
tscsdj20
2085 2085
(2085,)
nan
tscsdj21
1337 1337
(1337,)
nan
tscsdj22
2497 2497
(2497,)
nan
tscsdj23
2988 2988
(2988,)
nan
tscsdj24
2308 2308
(2308,)
nan
tscsdj25
2045 2045
(2045,)
nan
tscsdj26
2265 2265
(2265,)
nan
tscsdj27
1924 1924
(1924,)
nan
tscsdj28
1260 1260
(1260,)
nan
tscsdj29
2698 2698
(2698,)
nan
tscsdj30
3128 3128
(3128,)
nan
tscsdj31
2385 2385
(2385,)
nan
tscsdj32
1619 1619
(1619,)
nan
tscsdj33
2878 2878
(2878,)
nan
tscsdj34
2259 2259
(2259,)
nan
tscsdj35
2043 2043
(2043,)
nan
tscsdj36
2533 2533
(2533,)
nan
tscsdj37
2883 2883
(2883,)
nan
tscsdj38
2384 2384
(2384,)
nan
tscsdj39
3332 3332
(3332,)
nan
tscsdj40
1510 1510
(1510,)
nan
tscsdj41
2296 2296
(2296,)
nan
tscsdj42
1681 1681
(1681,)
5.06110198204
tscsdj43
3401 3401
(3401,)
5.11071792634
tscsdj44
2190 2190
(2190,)
nan
tscsdj45
2739 2739
(2739,)
nan
tscsdj46
2294 2294
(2294,)
nan
tscsdj47
1779 1779
(1779,)
nan
tscsdj48
2652 2652
(2652,)
nan
tscsdj49
3858 3858
(3858,)
5.05705122363
tscsdj50
2014 2014
(2014,)
nan
Beta :  0.3
tscsdj01
2777 2777
(2777,)
nan
tscsdj02
2013 2013
(2013,)
nan
tscsdj03
2163 2163
(2163,)
nan
tscsdj04
2595 2595
(2595,)
nan
tscsdj05
1969 1969
(1969,)
nan
tscsdj06
2792 2792
(2792,)
5.03758394047
tscsdj07
3253 3253
(3253,)
nan
tscsdj08
1719 1719
(1719,)
nan
tscsdj09
1678 1678
(1678,)
nan
tscsdj10
2880 2880
(2880,)
nan
tscsdj11
1739 1739
(1739,)
nan
tscsdj12
2103 2103
(2103,)
nan
tscsdj13
1791 1791
(1791,)
5.15767254141
tscsdj14
3661 3661
(3661,)
4.98956592534
tscsdj15
2455 2455
(2455,)
nan
tscsdj16
2352 2352
(2352,)
nan
tscsdj17
2843 2843
(2843,)
5.07257494468
tscsdj18
2846 2846
(2846,)
5.09699157329
tscsdj19
1788 1788
(1788,)
nan
tscsdj20
2085 2085
(2085,)
nan
tscsdj21
1337 1337
(1337,)
nan
tscsdj22
2497 2497
(2497,)
nan
tscsdj23
2988 2988
(2988,)
nan
tscsdj24
2308 2308
(2308,)
nan
tscsdj25
2045 2045
(2045,)
nan
tscsdj26
2265 2265
(2265,)
nan
tscsdj27
1924 1924
(1924,)
nan
tscsdj28
1260 1260
(1260,)
nan
tscsdj29
2698 2698
(2698,)
nan
tscsdj30
3128 3128
(3128,)
nan
tscsdj31
2385 2385
(2385,)
nan
tscsdj32
1619 1619
(1619,)
nan
tscsdj33
2878 2878
(2878,)
nan
tscsdj34
2259 2259
(2259,)
nan
tscsdj35
2043 2043
(2043,)
nan
tscsdj36
2533 2533
(2533,)
nan
tscsdj37
2883 2883
(2883,)
nan
tscsdj38
2384 2384
(2384,)
nan
tscsdj39
3332 3332
(3332,)
nan
tscsdj40
1510 1510
(1510,)
nan
tscsdj41
2296 2296
(2296,)
nan
tscsdj42
1681 1681
(1681,)
5.06110460134
tscsdj43
3401 3401
(3401,)
5.10942975975
tscsdj44
2190 2190
(2190,)
nan
tscsdj45
2739 2739
(2739,)
nan
tscsdj46
2294 2294
(2294,)
nan
tscsdj47
1779 1779
(1779,)
nan
tscsdj48
2652 2652
(2652,)
nan
tscsdj49
3858 3858
(3858,)
5.05753289905
tscsdj50
2014 2014
(2014,)
nan
Beta :  0.4
tscsdj01
2777 2777
(2777,)
nan
tscsdj02
2013 2013
(2013,)
nan
tscsdj03
2163 2163
(2163,)
nan
tscsdj04
2595 2595
(2595,)
nan
tscsdj05
1969 1969
(1969,)
nan
tscsdj06
2792 2792
(2792,)
5.03909453602
tscsdj07
3253 3253
(3253,)
nan
tscsdj08
1719 1719
(1719,)
nan
tscsdj09
1678 1678
(1678,)
nan
tscsdj10
2880 2880
(2880,)
nan
tscsdj11
1739 1739
(1739,)
nan
tscsdj12
2103 2103
(2103,)
nan
tscsdj13
1791 1791
(1791,)
5.15648553783
tscsdj14
3661 3661
(3661,)
4.98956059474
tscsdj15
2455 2455
(2455,)
nan
tscsdj16
2352 2352
(2352,)
nan
tscsdj17
2843 2843
(2843,)
5.0732145345
tscsdj18
2846 2846
(2846,)
5.09908894019
tscsdj19
1788 1788
(1788,)
nan
tscsdj20
2085 2085
(2085,)
nan
tscsdj21
1337 1337
(1337,)
nan
tscsdj22
2497 2497
(2497,)
nan
tscsdj23
2988 2988
(2988,)
nan
tscsdj24
2308 2308
(2308,)
nan
tscsdj25
2045 2045
(2045,)
nan
tscsdj26
2265 2265
(2265,)
nan
tscsdj27
1924 1924
(1924,)
nan
tscsdj28
1260 1260
(1260,)
nan
tscsdj29
2698 2698
(2698,)
nan
tscsdj30
3128 3128
(3128,)
nan
tscsdj31
2385 2385
(2385,)
nan
tscsdj32
1619 1619
(1619,)
nan
tscsdj33
2878 2878
(2878,)
nan
tscsdj34
2259 2259
(2259,)
nan
tscsdj35
2043 2043
(2043,)
nan
tscsdj36
2533 2533
(2533,)
nan
tscsdj37
2883 2883
(2883,)
nan
tscsdj38
2384 2384
(2384,)
nan
tscsdj39
3332 3332
(3332,)
nan
tscsdj40
1510 1510
(1510,)
nan
tscsdj41
2296 2296
(2296,)
nan
tscsdj42
1681 1681
(1681,)
5.06110717222
tscsdj43
3401 3401
(3401,)
5.10818309693
tscsdj44
2190 2190
(2190,)
nan
tscsdj45
2739 2739
(2739,)
nan
tscsdj46
2294 2294
(2294,)
nan
tscsdj47
1779 1779
(1779,)
nan
tscsdj48
2652 2652
(2652,)
nan
tscsdj49
3858 3858
(3858,)
5.05798139709
tscsdj50
2014 2014
(2014,)
nan
Beta :  0.5
tscsdj01
2777 2777
(2777,)
nan
tscsdj02
2013 2013
(2013,)
nan
tscsdj03
2163 2163
(2163,)
nan
tscsdj04
2595 2595
(2595,)
nan
tscsdj05
1969 1969
(1969,)
nan
tscsdj06
2792 2792
(2792,)
5.04051804327
tscsdj07
3253 3253
(3253,)
nan
tscsdj08
1719 1719
(1719,)
nan
tscsdj09
1678 1678
(1678,)
nan
tscsdj10
2880 2880
(2880,)
nan
tscsdj11
1739 1739
(1739,)
nan
tscsdj12
2103 2103
(2103,)
nan
tscsdj13
1791 1791
(1791,)
5.15529927862
tscsdj14
3661 3661
(3661,)
4.98955526464
tscsdj15
2455 2455
(2455,)
nan
tscsdj16
2352 2352
(2352,)
nan
tscsdj17
2843 2843
(2843,)
5.07375386785
tscsdj18
2846 2846
(2846,)
5.10093502348
tscsdj19
1788 1788
(1788,)
nan
tscsdj20
2085 2085
(2085,)
nan
tscsdj21
1337 1337
(1337,)
nan
tscsdj22
2497 2497
(2497,)
nan
tscsdj23
2988 2988
(2988,)
nan
tscsdj24
2308 2308
(2308,)
nan
tscsdj25
2045 2045
(2045,)
nan
tscsdj26
2265 2265
(2265,)
nan
tscsdj27
1924 1924
(1924,)
nan
tscsdj28
1260 1260
(1260,)
nan
tscsdj29
2698 2698
(2698,)
nan
tscsdj30
3128 3128
(3128,)
nan
tscsdj31
2385 2385
(2385,)
nan
tscsdj32
1619 1619
(1619,)
nan
tscsdj33
2878 2878
(2878,)
nan
tscsdj34
2259 2259
(2259,)
nan
tscsdj35
2043 2043
(2043,)
nan
tscsdj36
2533 2533
(2533,)
nan
tscsdj37
2883 2883
(2883,)
nan
tscsdj38
2384 2384
(2384,)
nan
tscsdj39
3332 3332
(3332,)
nan
tscsdj40
1510 1510
(1510,)
nan
tscsdj41
2296 2296
(2296,)
nan
tscsdj42
1681 1681
(1681,)
5.06110969563
tscsdj43
3401 3401
(3401,)
5.10697553922
tscsdj44
2190 2190
(2190,)
nan
tscsdj45
2739 2739
(2739,)
nan
tscsdj46
2294 2294
(2294,)
nan
tscsdj47
1779 1779
(1779,)
nan
tscsdj48
2652 2652
(2652,)
nan
tscsdj49
3858 3858
(3858,)
5.05839953261
tscsdj50
2014 2014
(2014,)
nan
Beta :  0.6
tscsdj01
2777 2777
(2777,)
nan
tscsdj02
2013 2013
(2013,)
nan
tscsdj03
2163 2163
(2163,)
nan
tscsdj04
2595 2595
(2595,)
nan
tscsdj05
1969 1969
(1969,)
nan
tscsdj06
2792 2792
(2792,)
5.04186246707
tscsdj07
3253 3253
(3253,)
nan
tscsdj08
1719 1719
(1719,)
nan
tscsdj09
1678 1678
(1678,)
nan
tscsdj10
2880 2880
(2880,)
nan
tscsdj11
1739 1739
(1739,)
nan
tscsdj12
2103 2103
(2103,)
nan
tscsdj13
1791 1791
(1791,)
5.15411440711
tscsdj14
3661 3661
(3661,)
4.9895499385
tscsdj15
2455 2455
(2455,)
nan
tscsdj16
2352 2352
(2352,)
nan
tscsdj17
2843 2843
(2843,)
5.07420840251
tscsdj18
2846 2846
(2846,)
5.10257008948
tscsdj19
1788 1788
(1788,)
nan
tscsdj20
2085 2085
(2085,)
nan
tscsdj21
1337 1337
(1337,)
nan
tscsdj22
2497 2497
(2497,)
nan
tscsdj23
2988 2988
(2988,)
nan
tscsdj24
2308 2308
(2308,)
nan
tscsdj25
2045 2045
(2045,)
nan
tscsdj26
2265 2265
(2265,)
nan
tscsdj27
1924 1924
(1924,)
nan
tscsdj28
1260 1260
(1260,)
nan
tscsdj29
2698 2698
(2698,)
nan
tscsdj30
3128 3128
(3128,)
nan
tscsdj31
2385 2385
(2385,)
nan
tscsdj32
1619 1619
(1619,)
nan
tscsdj33
2878 2878
(2878,)
nan
tscsdj34
2259 2259
(2259,)
nan
tscsdj35
2043 2043
(2043,)
nan
tscsdj36
2533 2533
(2533,)
nan
tscsdj37
2883 2883
(2883,)
nan
tscsdj38
2384 2384
(2384,)
nan
tscsdj39
3332 3332
(3332,)
nan
tscsdj40
1510 1510
(1510,)
nan
tscsdj41
2296 2296
(2296,)
nan
tscsdj42
1681 1681
(1681,)
5.06111217257
tscsdj43
3401 3401
(3401,)
5.10580487077
tscsdj44
2190 2190
(2190,)
nan
tscsdj45
2739 2739
(2739,)
nan
tscsdj46
2294 2294
(2294,)
nan
tscsdj47
1779 1779
(1779,)
nan
tscsdj48
2652 2652
(2652,)
nan
tscsdj49
3858 3858
(3858,)
5.05878981374
tscsdj50
2014 2014
(2014,)
nan
Beta :  0.7
tscsdj01
2777 2777
(2777,)
nan
tscsdj02
2013 2013
(2013,)
nan
tscsdj03
2163 2163
(2163,)
nan
tscsdj04
2595 2595
(2595,)
nan
tscsdj05
1969 1969
(1969,)
nan
tscsdj06
2792 2792
(2792,)
5.04313486114
tscsdj07
3253 3253
(3253,)
nan
tscsdj08
1719 1719
(1719,)
nan
tscsdj09
1678 1678
(1678,)
nan
tscsdj10
2880 2880
(2880,)
nan
tscsdj11
1739 1739
(1739,)
nan
tscsdj12
2103 2103
(2103,)
nan
tscsdj13
1791 1791
(1791,)
5.15293149007
tscsdj14
3661 3661
(3661,)
4.98954461944
tscsdj15
2455 2455
(2455,)
nan
tscsdj16
2352 2352
(2352,)
nan
tscsdj17
2843 2843
(2843,)
5.0743797891
tscsdj18
2846 2846
(2846,)
5.10402639102
tscsdj19
1788 1788
(1788,)
nan
tscsdj20
2085 2085
(2085,)
nan
tscsdj21
1337 1337
(1337,)
nan
tscsdj22
2497 2497
(2497,)
nan
tscsdj23
2988 2988
(2988,)
nan
tscsdj24
2308 2308
(2308,)
nan
tscsdj25
2045 2045
(2045,)
nan
tscsdj26
2265 2265
(2265,)
nan
tscsdj27
1924 1924
(1924,)
nan
tscsdj28
1260 1260
(1260,)
nan
tscsdj29
2698 2698
(2698,)
nan
tscsdj30
3128 3128
(3128,)
nan
tscsdj31
2385 2385
(2385,)
nan
tscsdj32
1619 1619
(1619,)
nan
tscsdj33
2878 2878
(2878,)
nan
tscsdj34
2259 2259
(2259,)
nan
tscsdj35
2043 2043
(2043,)
nan
tscsdj36
2533 2533
(2533,)
nan
tscsdj37
2883 2883
(2883,)
nan
tscsdj38
2384 2384
(2384,)
nan
tscsdj39
3332 3332
(3332,)
nan
tscsdj40
1510 1510
(1510,)
nan
tscsdj41
2296 2296
(2296,)
nan
tscsdj42
1681 1681
(1681,)
5.06111460411
tscsdj43
3401 3401
(3401,)
5.10466904466
tscsdj44
2190 2190
(2190,)
nan
tscsdj45
2739 2739
(2739,)
nan
tscsdj46
2294 2294
(2294,)
nan
tscsdj47
1779 1779
(1779,)
nan
tscsdj48
2652 2652
(2652,)
nan
tscsdj49
3858 3858
(3858,)
5.0591544825
tscsdj50
2014 2014
(2014,)
nan
Beta :  0.8
tscsdj01
2777 2777
(2777,)
nan
tscsdj02
2013 2013
(2013,)
nan
tscsdj03
2163 2163
(2163,)
nan
tscsdj04
2595 2595
(2595,)
nan
tscsdj05
1969 1969
(1969,)
nan
tscsdj06
2792 2792
(2792,)
5.04434146408
tscsdj07
3253 3253
(3253,)
nan
tscsdj08
1719 1719
(1719,)
nan
tscsdj09
1678 1678
(1678,)
nan
tscsdj10
2880 2880
(2880,)
nan
tscsdj11
1739 1739
(1739,)
nan
tscsdj12
2103 2103
(2103,)
nan
tscsdj13
1791 1791
(1791,)
5.15175102738
tscsdj14
3661 3661
(3661,)
4.9895393102
tscsdj15
2455 2455
(2455,)
nan
tscsdj16
2352 2352
(2352,)
nan
tscsdj17
2843 2843
(2843,)
5.07439615632
tscsdj18
2846 2846
(2846,)
5.10533005254
tscsdj19
1788 1788
(1788,)
nan
tscsdj20
2085 2085
(2085,)
nan
tscsdj21
1337 1337
(1337,)
nan
tscsdj22
2497 2497
(2497,)
nan
tscsdj23
2988 2988
(2988,)
nan
tscsdj24
2308 2308
(2308,)
nan
tscsdj25
2045 2045
(2045,)
nan
tscsdj26
2265 2265
(2265,)
nan
tscsdj27
1924 1924
(1924,)
nan
tscsdj28
1260 1260
(1260,)
nan
tscsdj29
2698 2698
(2698,)
nan
tscsdj30
3128 3128
(3128,)
nan
tscsdj31
2385 2385
(2385,)
nan
tscsdj32
1619 1619
(1619,)
nan
tscsdj33
2878 2878
(2878,)
nan
tscsdj34
2259 2259
(2259,)
nan
tscsdj35
2043 2043
(2043,)
nan
tscsdj36
2533 2533
(2533,)
nan
tscsdj37
2883 2883
(2883,)
nan
tscsdj38
2384 2384
(2384,)
nan
tscsdj39
3332 3332
(3332,)
nan
tscsdj40
1510 1510
(1510,)
nan
tscsdj41
2296 2296
(2296,)
nan
tscsdj42
1681 1681
(1681,)
5.06111699129
tscsdj43
3401 3401
(3401,)
5.10356616923
tscsdj44
2190 2190
(2190,)
nan
tscsdj45
2739 2739
(2739,)
nan
tscsdj46
2294 2294
(2294,)
nan
tscsdj47
1779 1779
(1779,)
nan
tscsdj48
2652 2652
(2652,)
nan
tscsdj49
3858 3858
(3858,)
5.05949554912
tscsdj50
2014 2014
(2014,)
nan
Beta :  0.9
tscsdj01
2777 2777
(2777,)
nan
tscsdj02
2013 2013
(2013,)
nan
tscsdj03
2163 2163
(2163,)
nan
tscsdj04
2595 2595
(2595,)
nan
tscsdj05
1969 1969
(1969,)
nan
tscsdj06
2792 2792
(2792,)
5.04548781291
tscsdj07
3253 3253
(3253,)
nan
tscsdj08
1719 1719
(1719,)
nan
tscsdj09
1678 1678
(1678,)
nan
tscsdj10
2880 2880
(2880,)
nan
tscsdj11
1739 1739
(1739,)
nan
tscsdj12
2103 2103
(2103,)
nan
tscsdj13
1791 1791
(1791,)
5.15057346034
tscsdj14
3661 3661
(3661,)
4.98953401323
tscsdj15
2455 2455
(2455,)
nan
tscsdj16
2352 2352
(2352,)
nan
tscsdj17
2843 2843
(2843,)
5.07437735973
tscsdj18
2846 2846
(2846,)
5.1065024486
tscsdj19
1788 1788
(1788,)
nan
tscsdj20
2085 2085
(2085,)
nan
tscsdj21
1337 1337
(1337,)
nan
tscsdj22
2497 2497
(2497,)
nan
tscsdj23
2988 2988
(2988,)
nan
tscsdj24
2308 2308
(2308,)
nan
tscsdj25
2045 2045
(2045,)
nan
tscsdj26
2265 2265
(2265,)
nan
tscsdj27
1924 1924
(1924,)
nan
tscsdj28
1260 1260
(1260,)
nan
tscsdj29
2698 2698
(2698,)
nan
tscsdj30
3128 3128
(3128,)
nan
tscsdj31
2385 2385
(2385,)
nan
tscsdj32
1619 1619
(1619,)
nan
tscsdj33
2878 2878
(2878,)
nan
tscsdj34
2259 2259
(2259,)
nan
tscsdj35
2043 2043
(2043,)
nan
tscsdj36
2533 2533
(2533,)
nan
tscsdj37
2883 2883
(2883,)
nan
tscsdj38
2384 2384
(2384,)
nan
tscsdj39
3332 3332
(3332,)
nan
tscsdj40
1510 1510
(1510,)
nan
tscsdj41
2296 2296
(2296,)
nan
tscsdj42
1681 1681
(1681,)
5.06111933519
tscsdj43
3401 3401
(3401,)
5.10249449505
tscsdj44
2190 2190
(2190,)
nan
tscsdj45
2739 2739
(2739,)
nan
tscsdj46
2294 2294
(2294,)
nan
tscsdj47
1779 1779
(1779,)
nan
tscsdj48
2652 2652
(2652,)
nan
tscsdj49
3858 3858
(3858,)
5.05981482124
tscsdj50
2014 2014
(2014,)
nan
Beta :  1.0
tscsdj01
2777 2777
(2777,)
nan
tscsdj02
2013 2013
(2013,)
nan
tscsdj03
2163 2163
(2163,)
nan
tscsdj04
2595 2595
(2595,)
nan
tscsdj05
1969 1969
(1969,)
nan
tscsdj06
2792 2792
(2792,)
5.04657883816
tscsdj07
3253 3253
(3253,)
nan
tscsdj08
1719 1719
(1719,)
nan
tscsdj09
1678 1678
(1678,)
nan
tscsdj10
2880 2880
(2880,)
nan
tscsdj11
1739 1739
(1739,)
nan
tscsdj12
2103 2103
(2103,)
nan
tscsdj13
1791 1791
(1791,)
5.1480717049
tscsdj14
3661 3661
(3661,)
4.9895287307
tscsdj15
2455 2455
(2455,)
nan
tscsdj16
2352 2352
(2352,)
nan
tscsdj17
2843 2843
(2843,)
5.07432901793
tscsdj18
2846 2846
(2846,)
5.10756122752
tscsdj19
1788 1788
(1788,)
nan
tscsdj20
2085 2085
(2085,)
nan
tscsdj21
1337 1337
(1337,)
nan
tscsdj22
2497 2497
(2497,)
nan
tscsdj23
2988 2988
(2988,)
nan
tscsdj24
2308 2308
(2308,)
nan
tscsdj25
2045 2045
(2045,)
nan
tscsdj26
2265 2265
(2265,)
nan
tscsdj27
1924 1924
(1924,)
nan
tscsdj28
1260 1260
(1260,)
nan
tscsdj29
2698 2698
(2698,)
nan
tscsdj30
3128 3128
(3128,)
nan
tscsdj31
2385 2385
(2385,)
nan
tscsdj32
1619 1619
(1619,)
nan
tscsdj33
2878 2878
(2878,)
nan
tscsdj34
2259 2259
(2259,)
nan
tscsdj35
2043 2043
(2043,)
nan
tscsdj36
2533 2533
(2533,)
nan
tscsdj37
2883 2883
(2883,)
nan
tscsdj38
2384 2384
(2384,)
nan
tscsdj39
3332 3332
(3332,)
nan
tscsdj40
1510 1510
(1510,)
nan
tscsdj41
2296 2296
(2296,)
nan
tscsdj42
1681 1681
(1681,)
5.06112163688
tscsdj43
3401 3401
(3401,)
5.10145240279
tscsdj44
2190 2190
(2190,)
nan
tscsdj45
2739 2739
(2739,)
nan
tscsdj46
2294 2294
(2294,)
nan
tscsdj47
1779 1779
(1779,)
nan
tscsdj48
2652 2652
(2652,)
nan
tscsdj49
3858 3858
(3858,)
5.0601139288
tscsdj50
2014 2014
(2014,)
nan
Beta :  1.1
tscsdj01
2777 2777
(2777,)
nan
tscsdj02
2013 2013
(2013,)
nan
tscsdj03
2163 2163
(2163,)
nan
tscsdj04
2595 2595
(2595,)
nan
tscsdj05
1969 1969
(1969,)
nan
tscsdj06
2792 2792
(2792,)
5.04761894401
tscsdj07
3253 3253
(3253,)
nan
tscsdj08
1719 1719
(1719,)
nan
tscsdj09
1678 1678
(1678,)
nan
tscsdj10
2880 2880
(2880,)
nan
tscsdj11
1739 1739
(1739,)
nan
tscsdj12
2103 2103
(2103,)
nan
tscsdj13
1791 1791
(1791,)
5.14549913787
tscsdj14
3661 3661
(3661,)
4.98952346455
tscsdj15
2455 2455
(2455,)
nan
tscsdj16
2352 2352
(2352,)
nan
tscsdj17
2843 2843
(2843,)
5.07425581194
tscsdj18
2846 2846
(2846,)
5.10852108225
tscsdj19
1788 1788
(1788,)
nan
tscsdj20
2085 2085
(2085,)
nan
tscsdj21
1337 1337
(1337,)
nan
tscsdj22
2497 2497
(2497,)
nan
tscsdj23
2988 2988
(2988,)
nan
tscsdj24
2308 2308
(2308,)
nan
tscsdj25
2045 2045
(2045,)
nan
tscsdj26
2265 2265
(2265,)
nan
tscsdj27
1924 1924
(1924,)
nan
tscsdj28
1260 1260
(1260,)
nan
tscsdj29
2698 2698
(2698,)
nan
tscsdj30
3128 3128
(3128,)
nan
tscsdj31
2385 2385
(2385,)
nan
tscsdj32
1619 1619
(1619,)
nan
tscsdj33
2878 2878
(2878,)
nan
tscsdj34
2259 2259
(2259,)
nan
tscsdj35
2043 2043
(2043,)
nan
tscsdj36
2533 2533
(2533,)
nan
tscsdj37
2883 2883
(2883,)
nan
tscsdj38
2384 2384
(2384,)
nan
tscsdj39
3332 3332
(3332,)
nan
tscsdj40
1510 1510
(1510,)
nan
tscsdj41
2296 2296
(2296,)
nan
tscsdj42
1681 1681
(1681,)
5.06112389742
tscsdj43
3401 3401
(3401,)
5.10043839191
tscsdj44
2190 2190
(2190,)
nan
tscsdj45
2739 2739
(2739,)
nan
tscsdj46
2294 2294
(2294,)
nan
tscsdj47
1779 1779
(1779,)
nan
tscsdj48
2652 2652
(2652,)
nan
tscsdj49
3858 3858
(3858,)
5.06039434535
tscsdj50
2014 2014
(2014,)
nan
Beta :  1.2
tscsdj01
2777 2777
(2777,)
nan
tscsdj02
2013 2013
(2013,)
nan
tscsdj03
2163 2163
(2163,)
nan
tscsdj04
2595 2595
(2595,)
nan
tscsdj05
1969 1969
(1969,)
nan
tscsdj06
2792 2792
(2792,)
5.04861207613
tscsdj07
3253 3253
(3253,)
nan
tscsdj08
1719 1719
(1719,)
nan
tscsdj09
1678 1678
(1678,)
nan
tscsdj10
2880 2880
(2880,)
nan
tscsdj11
1739 1739
(1739,)
nan
tscsdj12
2103 2103
(2103,)
nan
tscsdj13
1791 1791
(1791,)
5.142985437
tscsdj14
3661 3661
(3661,)
4.9895182165
tscsdj15
2455 2455
(2455,)
nan
tscsdj16
2352 2352
(2352,)
nan
tscsdj17
2843 2843
(2843,)
5.07416166232
tscsdj18
2846 2846
(2846,)
5.102476368
tscsdj19
1788 1788
(1788,)
nan
tscsdj20
2085 2085
(2085,)
nan
tscsdj21
1337 1337
(1337,)
nan
tscsdj22
2497 2497
(2497,)
nan
tscsdj23
2988 2988
(2988,)
nan
tscsdj24
2308 2308
(2308,)
nan
tscsdj25
2045 2045
(2045,)
nan
tscsdj26
2265 2265
(2265,)
nan
tscsdj27
1924 1924
(1924,)
nan
tscsdj28
1260 1260
(1260,)
nan
tscsdj29
2698 2698
(2698,)
nan
tscsdj30
3128 3128
(3128,)
nan
tscsdj31
2385 2385
(2385,)
nan
tscsdj32
1619 1619
(1619,)
nan
tscsdj33
2878 2878
(2878,)
nan
tscsdj34
2259 2259
(2259,)
nan
tscsdj35
2043 2043
(2043,)
nan
tscsdj36
2533 2533
(2533,)
nan
tscsdj37
2883 2883
(2883,)
nan
tscsdj38
2384 2384
(2384,)
nan
tscsdj39
3332 3332
(3332,)
nan
tscsdj40
1510 1510
(1510,)
nan
tscsdj41
2296 2296
(2296,)
nan
tscsdj42
1681 1681
(1681,)
5.06112611785
tscsdj43
3401 3401
(3401,)
5.09945107037
tscsdj44
2190 2190
(2190,)
nan
tscsdj45
2739 2739
(2739,)
nan
tscsdj46
2294 2294
(2294,)
nan
tscsdj47
1779 1779
(1779,)
nan
tscsdj48
2652 2652
(2652,)
nan
tscsdj49
3858 3858
(3858,)
5.06065740639
tscsdj50
2014 2014
(2014,)
nan
Beta :  1.3
tscsdj01
2777 2777
(2777,)
nan
tscsdj02
2013 2013
(2013,)
nan
tscsdj03
2163 2163
(2163,)
nan
tscsdj04
2595 2595
(2595,)
nan
tscsdj05
1969 1969
(1969,)
nan
tscsdj06
2792 2792
(2792,)
5.04956177934
tscsdj07
3253 3253
(3253,)
nan
tscsdj08
1719 1719
(1719,)
nan
tscsdj09
1678 1678
(1678,)
nan
tscsdj10
2880 2880
(2880,)
nan
tscsdj11
1739 1739
(1739,)
nan
tscsdj12
2103 2103
(2103,)
nan
tscsdj13
1791 1791
(1791,)
5.14052752926
tscsdj14
3661 3661
(3661,)
4.98951298809
tscsdj15
2455 2455
(2455,)
nan
tscsdj16
2352 2352
(2352,)
nan
tscsdj17
2843 2843
(2843,)
5.07404986856
tscsdj18
2846 2846
(2846,)
5.09589792575
tscsdj19
1788 1788
(1788,)
nan
tscsdj20
2085 2085
(2085,)
nan
tscsdj21
1337 1337
(1337,)
nan
tscsdj22
2497 2497
(2497,)
nan
tscsdj23
2988 2988
(2988,)
nan
tscsdj24
2308 2308
(2308,)
nan
tscsdj25
2045 2045
(2045,)
nan
tscsdj26
2265 2265
(2265,)
nan
tscsdj27
1924 1924
(1924,)
nan
tscsdj28
1260 1260
(1260,)
nan
tscsdj29
2698 2698
(2698,)
nan
tscsdj30
3128 3128
(3128,)
nan
tscsdj31
2385 2385
(2385,)
nan
tscsdj32
1619 1619
(1619,)
nan
tscsdj33
2878 2878
(2878,)
nan
tscsdj34
2259 2259
(2259,)
nan
tscsdj35
2043 2043
(2043,)
nan
tscsdj36
2533 2533
(2533,)
nan
tscsdj37
2883 2883
(2883,)
nan
tscsdj38
2384 2384
(2384,)
nan
tscsdj39
3332 3332
(3332,)
nan
tscsdj40
1510 1510
(1510,)
nan
tscsdj41
2296 2296
(2296,)
nan
tscsdj42
1681 1681
(1681,)
5.0611282992
tscsdj43
3401 3401
(3401,)
5.09848914511
tscsdj44
2190 2190
(2190,)
nan
tscsdj45
2739 2739
(2739,)
nan
tscsdj46
2294 2294
(2294,)
nan
tscsdj47
1779 1779
(1779,)
nan
tscsdj48
2652 2652
(2652,)
nan
tscsdj49
3858 3858
(3858,)
5.06090432515
tscsdj50
2014 2014
(2014,)
nan
Beta :  1.4
tscsdj01
2777 2777
(2777,)
nan
tscsdj02
2013 2013
(2013,)
nan
tscsdj03
2163 2163
(2163,)
nan
tscsdj04
2595 2595
(2595,)
nan
tscsdj05
1969 1969
(1969,)
nan
tscsdj06
2792 2792
(2792,)
5.05047124685
tscsdj07
3253 3253
(3253,)
nan
tscsdj08
1719 1719
(1719,)
nan
tscsdj09
1678 1678
(1678,)
nan
tscsdj10
2880 2880
(2880,)
nan
tscsdj11
1739 1739
(1739,)
nan
tscsdj12
2103 2103
(2103,)
nan
tscsdj13
1791 1791
(1791,)
5.13812259915
tscsdj14
3661 3661
(3661,)
4.98950778069
tscsdj15
2455 2455
(2455,)
nan
tscsdj16
2352 2352
(2352,)
nan
tscsdj17
2843 2843
(2843,)
5.0739232196
tscsdj18
2846 2846
(2846,)
5.08938105041
tscsdj19
1788 1788
(1788,)
nan
tscsdj20
2085 2085
(2085,)
nan
tscsdj21
1337 1337
(1337,)
nan
tscsdj22
2497 2497
(2497,)
nan
tscsdj23
2988 2988
(2988,)
nan
tscsdj24
2308 2308
(2308,)
nan
tscsdj25
2045 2045
(2045,)
nan
tscsdj26
2265 2265
(2265,)
nan
tscsdj27
1924 1924
(1924,)
nan
tscsdj28
1260 1260
(1260,)
nan
tscsdj29
2698 2698
(2698,)
nan
tscsdj30
3128 3128
(3128,)
nan
tscsdj31
2385 2385
(2385,)
nan
tscsdj32
1619 1619
(1619,)
nan
tscsdj33
2878 2878
(2878,)
nan
tscsdj34
2259 2259
(2259,)
nan
tscsdj35
2043 2043
(2043,)
nan
tscsdj36
2533 2533
(2533,)
nan
tscsdj37
2883 2883
(2883,)
nan
tscsdj38
2384 2384
(2384,)
nan
tscsdj39
3332 3332
(3332,)
nan
tscsdj40
1510 1510
(1510,)
nan
tscsdj41
2296 2296
(2296,)
nan
tscsdj42
1681 1681
(1681,)
5.06113044247
tscsdj43
3401 3401
(3401,)
5.09755141355
tscsdj44
2190 2190
(2190,)
nan
tscsdj45
2739 2739
(2739,)
nan
tscsdj46
2294 2294
(2294,)
nan
tscsdj47
1779 1779
(1779,)
nan
tscsdj48
2652 2652
(2652,)
nan
tscsdj49
3858 3858
(3858,)
5.06113620632
tscsdj50
2014 2014
(2014,)
nan
Beta :  1.5
tscsdj01
2777 2777
(2777,)
nan
tscsdj02
2013 2013
(2013,)
nan
tscsdj03
2163 2163
(2163,)
nan
tscsdj04
2595 2595
(2595,)
nan
tscsdj05
1969 1969
(1969,)
nan
tscsdj06
2792 2792
(2792,)
5.05134336249
tscsdj07
3253 3253
(3253,)
nan
tscsdj08
1719 1719
(1719,)
nan
tscsdj09
1678 1678
(1678,)
nan
tscsdj10
2880 2880
(2880,)
nan
tscsdj11
1739 1739
(1739,)
nan
tscsdj12
2103 2103
(2103,)
nan
tscsdj13
1791 1791
(1791,)
5.13576806089
tscsdj14
3661 3661
(3661,)
4.9895025955
tscsdj15
2455 2455
(2455,)
nan
tscsdj16
2352 2352
(2352,)
nan
tscsdj17
2843 2843
(2843,)
5.07378408217
tscsdj18
2846 2846
(2846,)
5.08292690193
tscsdj19
1788 1788
(1788,)
nan
tscsdj20
2085 2085
(2085,)
nan
tscsdj21
1337 1337
(1337,)
nan
tscsdj22
2497 2497
(2497,)
nan
tscsdj23
2988 2988
(2988,)
nan
tscsdj24
2308 2308
(2308,)
nan
tscsdj25
2045 2045
(2045,)
nan
tscsdj26
2265 2265
(2265,)
nan
tscsdj27
1924 1924
(1924,)
nan
tscsdj28
1260 1260
(1260,)
nan
tscsdj29
2698 2698
(2698,)
nan
tscsdj30
3128 3128
(3128,)
nan
tscsdj31
2385 2385
(2385,)
nan
tscsdj32
1619 1619
(1619,)
nan
tscsdj33
2878 2878
(2878,)
nan
tscsdj34
2259 2259
(2259,)
nan
tscsdj35
2043 2043
(2043,)
nan
tscsdj36
2533 2533
(2533,)
nan
tscsdj37
2883 2883
(2883,)
nan
tscsdj38
2384 2384
(2384,)
nan
tscsdj39
3332 3332
(3332,)
nan
tscsdj40
1510 1510
(1510,)
nan
tscsdj41
2296 2296
(2296,)
nan
tscsdj42
1681 1681
(1681,)
5.06113254864
tscsdj43
3401 3401
(3401,)
5.09663675572
tscsdj44
2190 2190
(2190,)
nan
tscsdj45
2739 2739
(2739,)
nan
tscsdj46
2294 2294
(2294,)
nan
tscsdj47
1779 1779
(1779,)
nan
tscsdj48
2652 2652
(2652,)
nan
tscsdj49
3858 3858
(3858,)
5.06135405793
tscsdj50
2014 2014
(2014,)
nan
Beta :  1.6
tscsdj01
2777 2777
(2777,)
nan
tscsdj02
2013 2013
(2013,)
nan
tscsdj03
2163 2163
(2163,)
nan
tscsdj04
2595 2595
(2595,)
nan
tscsdj05
1969 1969
(1969,)
nan
tscsdj06
2792 2792
(2792,)
5.05218073698
tscsdj07
3253 3253
(3253,)
nan
tscsdj08
1719 1719
(1719,)
nan
tscsdj09
1678 1678
(1678,)
nan
tscsdj10
2880 2880
(2880,)
nan
tscsdj11
1739 1739
(1739,)
nan
tscsdj12
2103 2103
(2103,)
nan
tscsdj13
1791 1791
(1791,)
5.13346153414
tscsdj14
3661 3661
(3661,)
4.98949743361
tscsdj15
2455 2455
(2455,)
nan
tscsdj16
2352 2352
(2352,)
nan
tscsdj17
2843 2843
(2843,)
5.07363447194
tscsdj18
2846 2846
(2846,)
5.07653634098
tscsdj19
1788 1788
(1788,)
nan
tscsdj20
2085 2085
(2085,)
nan
tscsdj21
1337 1337
(1337,)
nan
tscsdj22
2497 2497
(2497,)
nan
tscsdj23
2988 2988
(2988,)
nan
tscsdj24
2308 2308
(2308,)
nan
tscsdj25
2045 2045
(2045,)
nan
tscsdj26
2265 2265
(2265,)
nan
tscsdj27
1924 1924
(1924,)
nan
tscsdj28
1260 1260
(1260,)
nan
tscsdj29
2698 2698
(2698,)
nan
tscsdj30
3128 3128
(3128,)
nan
tscsdj31
2385 2385
(2385,)
nan
tscsdj32
1619 1619
(1619,)
nan
tscsdj33
2878 2878
(2878,)
nan
tscsdj34
2259 2259
(2259,)
nan
tscsdj35
2043 2043
(2043,)
nan
tscsdj36
2533 2533
(2533,)
nan
tscsdj37
2883 2883
(2883,)
nan
tscsdj38
2384 2384
(2384,)
nan
tscsdj39
3332 3332
(3332,)
nan
tscsdj40
1510 1510
(1510,)
nan
tscsdj41
2296 2296
(2296,)
nan
tscsdj42
1681 1681
(1681,)
5.06113461867
tscsdj43
3401 3401
(3401,)
5.09574412729
tscsdj44
2190 2190
(2190,)
nan
tscsdj45
2739 2739
(2739,)
nan
tscsdj46
2294 2294
(2294,)
nan
tscsdj47
1779 1779
(1779,)
nan
tscsdj48
2652 2652
(2652,)
nan
tscsdj49
3858 3858
(3858,)
5.06155880169
tscsdj50
2014 2014
(2014,)
nan
Beta :  1.7
tscsdj01
2777 2777
(2777,)
nan
tscsdj02
2013 2013
(2013,)
nan
tscsdj03
2163 2163
(2163,)
nan
tscsdj04
2595 2595
(2595,)
nan
tscsdj05
1969 1969
(1969,)
nan
tscsdj06
2792 2792
(2792,)
5.05298573927
tscsdj07
3253 3253
(3253,)
nan
tscsdj08
1719 1719
(1719,)
nan
tscsdj09
1678 1678
(1678,)
nan
tscsdj10
2880 2880
(2880,)
nan
tscsdj11
1739 1739
(1739,)
nan
tscsdj12
2103 2103
(2103,)
nan
tscsdj13
1791 1791
(1791,)
5.13120082276
tscsdj14
3661 3661
(3661,)
4.98949229597
tscsdj15
2455 2455
(2455,)
nan
tscsdj16
2352 2352
(2352,)
nan
tscsdj17
2843 2843
(2843,)
5.07347611114
tscsdj18
2846 2846
(2846,)
5.0702099755
tscsdj19
1788 1788
(1788,)
nan
tscsdj20
2085 2085
(2085,)
nan
tscsdj21
1337 1337
(1337,)
nan
tscsdj22
2497 2497
(2497,)
nan
tscsdj23
2988 2988
(2988,)
nan
tscsdj24
2308 2308
(2308,)
nan
tscsdj25
2045 2045
(2045,)
nan
tscsdj26
2265 2265
(2265,)
nan
tscsdj27
1924 1924
(1924,)
nan
tscsdj28
1260 1260
(1260,)
nan
tscsdj29
2698 2698
(2698,)
nan
tscsdj30
3128 3128
(3128,)
nan
tscsdj31
2385 2385
(2385,)
nan
tscsdj32
1619 1619
(1619,)
nan
tscsdj33
2878 2878
(2878,)
nan
tscsdj34
2259 2259
(2259,)
nan
tscsdj35
2043 2043
(2043,)
nan
tscsdj36
2533 2533
(2533,)
nan
tscsdj37
2883 2883
(2883,)
nan
tscsdj38
2384 2384
(2384,)
nan
tscsdj39
3332 3332
(3332,)
nan
tscsdj40
1510 1510
(1510,)
nan
tscsdj41
2296 2296
(2296,)
nan
tscsdj42
1681 1681
(1681,)
5.0611366535
tscsdj43
3401 3401
(3401,)
5.09487255308
tscsdj44
2190 2190
(2190,)
nan
tscsdj45
2739 2739
(2739,)
nan
tscsdj46
2294 2294
(2294,)
nan
tscsdj47
1779 1779
(1779,)
nan
tscsdj48
2652 2652
(2652,)
nan
tscsdj49
3858 3858
(3858,)
5.06175128208
tscsdj50
2014 2014
(2014,)
nan
Beta :  1.8
tscsdj01
2777 2777
(2777,)
nan
tscsdj02
2013 2013
(2013,)
nan
tscsdj03
2163 2163
(2163,)
nan
tscsdj04
2595 2595
(2595,)
nan
tscsdj05
1969 1969
(1969,)
nan
tscsdj06
2792 2792
(2792,)
5.05376052376
tscsdj07
3253 3253
(3253,)
nan
tscsdj08
1719 1719
(1719,)
nan
tscsdj09
1678 1678
(1678,)
nan
tscsdj10
2880 2880
(2880,)
nan
tscsdj11
1739 1739
(1739,)
nan
tscsdj12
2103 2103
(2103,)
nan
tscsdj13
1791 1791
(1791,)
5.12898389621
tscsdj14
3661 3661
(3661,)
4.98948718344
tscsdj15
2455 2455
(2455,)
nan
tscsdj16
2352 2352
(2352,)
nan
tscsdj17
2843 2843
(2843,)
5.07289006698
tscsdj18
2846 2846
(2846,)
5.06394819961
tscsdj19
1788 1788
(1788,)
nan
tscsdj20
2085 2085
(2085,)
nan
tscsdj21
1337 1337
(1337,)
nan
tscsdj22
2497 2497
(2497,)
nan
tscsdj23
2988 2988
(2988,)
nan
tscsdj24
2308 2308
(2308,)
nan
tscsdj25
2045 2045
(2045,)
nan
tscsdj26
2265 2265
(2265,)
nan
tscsdj27
1924 1924
(1924,)
nan
tscsdj28
1260 1260
(1260,)
nan
tscsdj29
2698 2698
(2698,)
nan
tscsdj30
3128 3128
(3128,)
nan
tscsdj31
2385 2385
(2385,)
nan
tscsdj32
1619 1619
(1619,)
nan
tscsdj33
2878 2878
(2878,)
nan
tscsdj34
2259 2259
(2259,)
nan
tscsdj35
2043 2043
(2043,)
nan
tscsdj36
2533 2533
(2533,)
nan
tscsdj37
2883 2883
(2883,)
nan
tscsdj38
2384 2384
(2384,)
nan
tscsdj39
3332 3332
(3332,)
nan
tscsdj40
1510 1510
(1510,)
nan
tscsdj41
2296 2296
(2296,)
nan
tscsdj42
1681 1681
(1681,)
5.06113865403
tscsdj43
3401 3401
(3401,)
5.09402112136
tscsdj44
2190 2190
(2190,)
nan
tscsdj45
2739 2739
(2739,)
nan
tscsdj46
2294 2294
(2294,)
nan
tscsdj47
1779 1779
(1779,)
nan
tscsdj48
2652 2652
(2652,)
nan
tscsdj49
3858 3858
(3858,)
5.06193227427
tscsdj50
2014 2014
(2014,)
nan
Beta :  1.9
tscsdj01
2777 2777
(2777,)
nan
tscsdj02
2013 2013
(2013,)
nan
tscsdj03
2163 2163
(2163,)
nan
tscsdj04
2595 2595
(2595,)
nan
tscsdj05
1969 1969
(1969,)
nan
tscsdj06
2792 2792
(2792,)
5.05448093948
tscsdj07
3253 3253
(3253,)
nan
tscsdj08
1719 1719
(1719,)
nan
tscsdj09
1678 1678
(1678,)
nan
tscsdj10
2880 2880
(2880,)
nan
tscsdj11
1739 1739
(1739,)
nan
tscsdj12
2103 2103
(2103,)
nan
tscsdj13
1791 1791
(1791,)
5.12680887312
tscsdj14
3661 3661
(3661,)
4.98948209675
tscsdj15
2455 2455
(2455,)
nan
tscsdj16
2352 2352
(2352,)
nan
tscsdj17
2843 2843
(2843,)
5.0713670132
tscsdj18
2846 2846
(2846,)
5.05775122613
tscsdj19
1788 1788
(1788,)
nan
tscsdj20
2085 2085
(2085,)
nan
tscsdj21
1337 1337
(1337,)
nan
tscsdj22
2497 2497
(2497,)
nan
tscsdj23
2988 2988
(2988,)
nan
tscsdj24
2308 2308
(2308,)
nan
tscsdj25
2045 2045
(2045,)
nan
tscsdj26
2265 2265
(2265,)
nan
tscsdj27
1924 1924
(1924,)
nan
tscsdj28
1260 1260
(1260,)
nan
tscsdj29
2698 2698
(2698,)
nan
tscsdj30
3128 3128
(3128,)
nan
tscsdj31
2385 2385
(2385,)
nan
tscsdj32
1619 1619
(1619,)
nan
tscsdj33
2878 2878
(2878,)
nan
tscsdj34
2259 2259
(2259,)
nan
tscsdj35
2043 2043
(2043,)
nan
tscsdj36
2533 2533
(2533,)
nan
tscsdj37
2883 2883
(2883,)
nan
tscsdj38
2384 2384
(2384,)
nan
tscsdj39
3332 3332
(3332,)
nan
tscsdj40
1510 1510
(1510,)
nan
tscsdj41
2296 2296
(2296,)
nan
tscsdj42
1681 1681
(1681,)
5.06114062113
tscsdj43
3401 3401
(3401,)
5.0931889786
tscsdj44
2190 2190
(2190,)
nan
tscsdj45
2739 2739
(2739,)
nan
tscsdj46
2294 2294
(2294,)
nan
tscsdj47
1779 1779
(1779,)
nan
tscsdj48
2652 2652
(2652,)
nan
tscsdj49
3858 3858
(3858,)
5.06210249111
tscsdj50
2014 2014
(2014,)
nan
Beta :  2.0
tscsdj01
2777 2777
(2777,)
nan
tscsdj02
2013 2013
(2013,)
nan
tscsdj03
2163 2163
(2163,)
nan
tscsdj04
2595 2595
(2595,)
nan
tscsdj05
1969 1969
(1969,)
nan
tscsdj06
2792 2792
(2792,)
5.05508161282
tscsdj07
3253 3253
(3253,)
nan
tscsdj08
1719 1719
(1719,)
nan
tscsdj09
1678 1678
(1678,)
nan
tscsdj10
2880 2880
(2880,)
nan
tscsdj11
1739 1739
(1739,)
nan
tscsdj12
2103 2103
(2103,)
nan
tscsdj13
1791 1791
(1791,)
5.12467400684
tscsdj14
3661 3661
(3661,)
4.98947703658
tscsdj15
2455 2455
(2455,)
nan
tscsdj16
2352 2352
(2352,)
nan
tscsdj17
2843 2843
(2843,)
5.06979268004
tscsdj18
2846 2846
(2846,)
5.05161911395
tscsdj19
1788 1788
(1788,)
nan
tscsdj20
2085 2085
(2085,)
nan
tscsdj21
1337 1337
(1337,)
nan
tscsdj22
2497 2497
(2497,)
nan
tscsdj23
2988 2988
(2988,)
nan
tscsdj24
2308 2308
(2308,)
nan
tscsdj25
2045 2045
(2045,)
nan
tscsdj26
2265 2265
(2265,)
nan
tscsdj27
1924 1924
(1924,)
nan
tscsdj28
1260 1260
(1260,)
nan
tscsdj29
2698 2698
(2698,)
nan
tscsdj30
3128 3128
(3128,)
nan
tscsdj31
2385 2385
(2385,)
nan
tscsdj32
1619 1619
(1619,)
nan
tscsdj33
2878 2878
(2878,)
nan
tscsdj34
2259 2259
(2259,)
nan
tscsdj35
2043 2043
(2043,)
nan
tscsdj36
2533 2533
(2533,)
nan
tscsdj37
2883 2883
(2883,)
nan
tscsdj38
2384 2384
(2384,)
nan
tscsdj39
3332 3332
(3332,)
nan
tscsdj40
1510 1510
(1510,)
nan
tscsdj41
2296 2296
(2296,)
nan
tscsdj42
1681 1681
(1681,)
5.06114255567
tscsdj43
3401 3401
(3401,)
5.09237532472
tscsdj44
2190 2190
(2190,)
nan
tscsdj45
2739 2739
(2739,)
nan
tscsdj46
2294 2294
(2294,)
nan
tscsdj47
1779 1779
(1779,)
nan
tscsdj48
2652 2652
(2652,)
nan
tscsdj49
3858 3858
(3858,)
5.06226258926
tscsdj50
2014 2014
(2014,)
nan
Beta :  2.1
tscsdj01
2777 2777
(2777,)
nan
tscsdj02
2013 2013
(2013,)
nan
tscsdj03
2163 2163
(2163,)
nan
tscsdj04
2595 2595
(2595,)
nan
tscsdj05
1969 1969
(1969,)
nan
tscsdj06
2792 2792
(2792,)
5.05565516776
tscsdj07
3253 3253
(3253,)
nan
tscsdj08
1719 1719
(1719,)
nan
tscsdj09
1678 1678
(1678,)
nan
tscsdj10
2880 2880
(2880,)
nan
tscsdj11
1739 1739
(1739,)
nan
tscsdj12
2103 2103
(2103,)
nan
tscsdj13
1791 1791
(1791,)
5.12257767267
tscsdj14
3661 3661
(3661,)
4.98947200349
tscsdj15
2455 2455
(2455,)
nan
tscsdj16
2352 2352
(2352,)
nan
tscsdj17
2843 2843
(2843,)
5.06828047152
tscsdj18
2846 2846
(2846,)
5.04555179124
tscsdj19
1788 1788
(1788,)
nan
tscsdj20
2085 2085
(2085,)
nan
tscsdj21
1337 1337
(1337,)
nan
tscsdj22
2497 2497
(2497,)
nan
tscsdj23
2988 2988
(2988,)
nan
tscsdj24
2308 2308
(2308,)
nan
tscsdj25
2045 2045
(2045,)
nan
tscsdj26
2265 2265
(2265,)
nan
tscsdj27
1924 1924
(1924,)
nan
tscsdj28
1260 1260
(1260,)
nan
tscsdj29
2698 2698
(2698,)
nan
tscsdj30
3128 3128
(3128,)
nan
tscsdj31
2385 2385
(2385,)
nan
tscsdj32
1619 1619
(1619,)
nan
tscsdj33
2878 2878
(2878,)
nan
tscsdj34
2259 2259
(2259,)
nan
tscsdj35
2043 2043
(2043,)
nan
tscsdj36
2533 2533
(2533,)
nan
tscsdj37
2883 2883
(2883,)
nan
tscsdj38
2384 2384
(2384,)
nan
tscsdj39
3332 3332
(3332,)
nan
tscsdj40
1510 1510
(1510,)
nan
tscsdj41
2296 2296
(2296,)
nan
tscsdj42
1681 1681
(1681,)
5.06114445846
tscsdj43
3401 3401
(3401,)
5.0915794088
tscsdj44
2190 2190
(2190,)
nan
tscsdj45
2739 2739
(2739,)
nan
tscsdj46
2294 2294
(2294,)
nan
tscsdj47
1779 1779
(1779,)
nan
tscsdj48
2652 2652
(2652,)
nan
tscsdj49
3858 3858
(3858,)
5.06241317467
tscsdj50
2014 2014
(2014,)
nan
Beta :  2.2
tscsdj01
2777 2777
(2777,)
nan
tscsdj02
2013 2013
(2013,)
nan
tscsdj03
2163 2163
(2163,)
nan
tscsdj04
2595 2595
(2595,)
nan
tscsdj05
1969 1969
(1969,)
nan
tscsdj06
2792 2792
(2792,)
5.05274222264
tscsdj07
3253 3253
(3253,)
nan
tscsdj08
1719 1719
(1719,)
nan
tscsdj09
1678 1678
(1678,)
nan
tscsdj10
2880 2880
(2880,)
nan
tscsdj11
1739 1739
(1739,)
nan
tscsdj12
2103 2103
(2103,)
nan
tscsdj13
1791 1791
(1791,)
5.12051835646
tscsdj14
3661 3661
(3661,)
4.98946699799
tscsdj15
2455 2455
(2455,)
nan
tscsdj16
2352 2352
(2352,)
nan
tscsdj17
2843 2843
(2843,)
5.0668265727
tscsdj18
2846 2846
(2846,)
5.03954907503
tscsdj19
1788 1788
(1788,)
nan
tscsdj20
2085 2085
(2085,)
nan
tscsdj21
1337 1337
(1337,)
nan
tscsdj22
2497 2497
(2497,)
nan
tscsdj23
2988 2988
(2988,)
nan
tscsdj24
2308 2308
(2308,)
nan
tscsdj25
2045 2045
(2045,)
nan
tscsdj26
2265 2265
(2265,)
nan
tscsdj27
1924 1924
(1924,)
nan
tscsdj28
1260 1260
(1260,)
nan
tscsdj29
2698 2698
(2698,)
nan
tscsdj30
3128 3128
(3128,)
nan
tscsdj31
2385 2385
(2385,)
nan
tscsdj32
1619 1619
(1619,)
nan
tscsdj33
2878 2878
(2878,)
nan
tscsdj34
2259 2259
(2259,)
nan
tscsdj35
2043 2043
(2043,)
nan
tscsdj36
2533 2533
(2533,)
nan
tscsdj37
2883 2883
(2883,)
nan
tscsdj38
2384 2384
(2384,)
nan
tscsdj39
3332 3332
(3332,)
nan
tscsdj40
1510 1510
(1510,)
nan
tscsdj41
2296 2296
(2296,)
nan
tscsdj42
1681 1681
(1681,)
5.06114633032
tscsdj43
3401 3401
(3401,)
5.09080052523
tscsdj44
2190 2190
(2190,)
nan
tscsdj45
2739 2739
(2739,)
nan
tscsdj46
2294 2294
(2294,)
nan
tscsdj47
1779 1779
(1779,)
nan
tscsdj48
2652 2652
(2652,)
nan
tscsdj49
3858 3858
(3858,)
5.06255480735
tscsdj50
2014 2014
(2014,)
nan
Beta :  2.3
tscsdj01
2777 2777
(2777,)
nan
tscsdj02
2013 2013
(2013,)
nan
tscsdj03
2163 2163
(2163,)
nan
tscsdj04
2595 2595
(2595,)
nan
tscsdj05
1969 1969
(1969,)
nan
tscsdj06
2792 2792
(2792,)
5.04763793092
tscsdj07
3253 3253
(3253,)
nan
tscsdj08
1719 1719
(1719,)
nan
tscsdj09
1678 1678
(1678,)
nan
tscsdj10
2880 2880
(2880,)
nan
tscsdj11
1739 1739
(1739,)
nan
tscsdj12
2103 2103
(2103,)
nan
tscsdj13
1791 1791
(1791,)
5.11849464462
tscsdj14
3661 3661
(3661,)
4.98946202052
tscsdj15
2455 2455
(2455,)
nan
tscsdj16
2352 2352
(2352,)
nan
tscsdj17
2843 2843
(2843,)
5.06542748904
tscsdj18
2846 2846
(2846,)
5.03361068794
tscsdj19
1788 1788
(1788,)
nan
tscsdj20
2085 2085
(2085,)
nan
tscsdj21
1337 1337
(1337,)
nan
tscsdj22
2497 2497
(2497,)
nan
tscsdj23
2988 2988
(2988,)
nan
tscsdj24
2308 2308
(2308,)
nan
tscsdj25
2045 2045
(2045,)
nan
tscsdj26
2265 2265
(2265,)
nan
tscsdj27
1924 1924
(1924,)
nan
tscsdj28
1260 1260
(1260,)
nan
tscsdj29
2698 2698
(2698,)
nan
tscsdj30
3128 3128
(3128,)
nan
tscsdj31
2385 2385
(2385,)
nan
tscsdj32
1619 1619
(1619,)
nan
tscsdj33
2878 2878
(2878,)
nan
tscsdj34
2259 2259
(2259,)
nan
tscsdj35
2043 2043
(2043,)
nan
tscsdj36
2533 2533
(2533,)
nan
tscsdj37
2883 2883
(2883,)
nan
tscsdj38
2384 2384
(2384,)
nan
tscsdj39
3332 3332
(3332,)
nan
tscsdj40
1510 1510
(1510,)
nan
tscsdj41
2296 2296
(2296,)
nan
tscsdj42
1681 1681
(1681,)
5.061148172
tscsdj43
3401 3401
(3401,)
5.09003801015
tscsdj44
2190 2190
(2190,)
nan
tscsdj45
2739 2739
(2739,)
nan
tscsdj46
2294 2294
(2294,)
nan
tscsdj47
1779 1779
(1779,)
nan
tscsdj48
2652 2652
(2652,)
nan
tscsdj49
3858 3858
(3858,)
5.06268800567
tscsdj50
2014 2014
(2014,)
nan
Beta :  2.4
tscsdj01
2777 2777
(2777,)
nan
tscsdj02
2013 2013
(2013,)
nan
tscsdj03
2163 2163
(2163,)
nan
tscsdj04
2595 2595
(2595,)
nan
tscsdj05
1969 1969
(1969,)
nan
tscsdj06
2792 2792
(2792,)
5.04267118882
tscsdj07
3253 3253
(3253,)
nan
tscsdj08
1719 1719
(1719,)
nan
tscsdj09
1678 1678
(1678,)
nan
tscsdj10
2880 2880
(2880,)
nan
tscsdj11
1739 1739
(1739,)
nan
tscsdj12
2103 2103
(2103,)
nan
tscsdj13
1791 1791
(1791,)
5.11650521506
tscsdj14
3661 3661
(3661,)
4.98945707147
tscsdj15
2455 2455
(2455,)
nan
tscsdj16
2352 2352
(2352,)
nan
tscsdj17
2843 2843
(2843,)
5.06408001222
tscsdj18
2846 2846
(2846,)
5.02773627244
tscsdj19
1788 1788
(1788,)
nan
tscsdj20
2085 2085
(2085,)
nan
tscsdj21
1337 1337
(1337,)
nan
tscsdj22
2497 2497
(2497,)
nan
tscsdj23
2988 2988
(2988,)
nan
tscsdj24
2308 2308
(2308,)
nan
tscsdj25
2045 2045
(2045,)
nan
tscsdj26
2265 2265
(2265,)
nan
tscsdj27
1924 1924
(1924,)
nan
tscsdj28
1260 1260
(1260,)
nan
tscsdj29
2698 2698
(2698,)
nan
tscsdj30
3128 3128
(3128,)
nan
tscsdj31
2385 2385
(2385,)
nan
tscsdj32
1619 1619
(1619,)
nan
tscsdj33
2878 2878
(2878,)
nan
tscsdj34
2259 2259
(2259,)
nan
tscsdj35
2043 2043
(2043,)
nan
tscsdj36
2533 2533
(2533,)
nan
tscsdj37
2883 2883
(2883,)
nan
tscsdj38
2384 2384
(2384,)
nan
tscsdj39
3332 3332
(3332,)
nan
tscsdj40
1510 1510
(1510,)
nan
tscsdj41
2296 2296
(2296,)
nan
tscsdj42
1681 1681
(1681,)
5.06114998428
tscsdj43
3401 3401
(3401,)
5.08929123826
tscsdj44
2190 2190
(2190,)
nan
tscsdj45
2739 2739
(2739,)
nan
tscsdj46
2294 2294
(2294,)
nan
tscsdj47
1779 1779
(1779,)
nan
tscsdj48
2652 2652
(2652,)
nan
tscsdj49
3858 3858
(3858,)
5.06281325016
tscsdj50
2014 2014
(2014,)
nan
Beta :  2.5
tscsdj01
2777 2777
(2777,)
nan
tscsdj02
2013 2013
(2013,)
nan
tscsdj03
2163 2163
(2163,)
nan
tscsdj04
2595 2595
(2595,)
nan
tscsdj05
1969 1969
(1969,)
nan
tscsdj06
2792 2792
(2792,)
5.03783566545
tscsdj07
3253 3253
(3253,)
nan
tscsdj08
1719 1719
(1719,)
nan
tscsdj09
1678 1678
(1678,)
nan
tscsdj10
2880 2880
(2880,)
nan
tscsdj11
1739 1739
(1739,)
nan
tscsdj12
2103 2103
(2103,)
nan
tscsdj13
1791 1791
(1791,)
5.11454882924
tscsdj14
3661 3661
(3661,)
4.98945215115
tscsdj15
2455 2455
(2455,)
nan
tscsdj16
2352 2352
(2352,)
nan
tscsdj17
2843 2843
(2843,)
5.06278119039
tscsdj18
2846 2846
(2846,)
5.02192540303
tscsdj19
1788 1788
(1788,)
nan
tscsdj20
2085 2085
(2085,)
nan
tscsdj21
1337 1337
(1337,)
nan
tscsdj22
2497 2497
(2497,)
nan
tscsdj23
2988 2988
(2988,)
nan
tscsdj24
2308 2308
(2308,)
nan
tscsdj25
2045 2045
(2045,)
nan
tscsdj26
2265 2265
(2265,)
nan
tscsdj27
1924 1924
(1924,)
nan
tscsdj28
1260 1260
(1260,)
nan
tscsdj29
2698 2698
(2698,)
nan
tscsdj30
3128 3128
(3128,)
nan
tscsdj31
2385 2385
(2385,)
nan
tscsdj32
1619 1619
(1619,)
nan
tscsdj33
2878 2878
(2878,)
nan
tscsdj34
2259 2259
(2259,)
nan
tscsdj35
2043 2043
(2043,)
nan
tscsdj36
2533 2533
(2533,)
nan
tscsdj37
2883 2883
(2883,)
nan
tscsdj38
2384 2384
(2384,)
nan
tscsdj39
3332 3332
(3332,)
nan
tscsdj40
1510 1510
(1510,)
nan
tscsdj41
2296 2296
(2296,)
nan
tscsdj42
1681 1681
(1681,)
5.06115176787
tscsdj43
3401 3401
(3401,)
5.08855961991
tscsdj44
2190 2190
(2190,)
nan
tscsdj45
2739 2739
(2739,)
nan
tscsdj46
2294 2294
(2294,)
nan
tscsdj47
1779 1779
(1779,)
nan
tscsdj48
2652 2652
(2652,)
nan
tscsdj49
3858 3858
(3858,)
5.06293098691
tscsdj50
2014 2014
(2014,)
nan
Beta :  2.6
tscsdj01
2777 2777
(2777,)
nan
tscsdj02
2013 2013
(2013,)
nan
tscsdj03
2163 2163
(2163,)
nan
tscsdj04
2595 2595
(2595,)
nan
tscsdj05
1969 1969
(1969,)
nan
tscsdj06
2792 2792
(2792,)
5.03312546713
tscsdj07
3253 3253
(3253,)
nan
tscsdj08
1719 1719
(1719,)
nan
tscsdj09
1678 1678
(1678,)
nan
tscsdj10
2880 2880
(2880,)
nan
tscsdj11
1739 1739
(1739,)
nan
tscsdj12
2103 2103
(2103,)
nan
tscsdj13
1791 1791
(1791,)
5.11262432498
tscsdj14
3661 3661
(3661,)
4.98944725985
tscsdj15
2455 2455
(2455,)
nan
tscsdj16
2352 2352
(2352,)
nan
tscsdj17
2843 2843
(2843,)
5.06152830211
tscsdj18
2846 2846
(2846,)
5.01617759679
tscsdj19
1788 1788
(1788,)
nan
tscsdj20
2085 2085
(2085,)
nan
tscsdj21
1337 1337
(1337,)
nan
tscsdj22
2497 2497
(2497,)
nan
tscsdj23
2988 2988
(2988,)
nan
tscsdj24
2308 2308
(2308,)
nan
tscsdj25
2045 2045
(2045,)
nan
tscsdj26
2265 2265
(2265,)
nan
tscsdj27
1924 1924
(1924,)
nan
tscsdj28
1260 1260
(1260,)
nan
tscsdj29
2698 2698
(2698,)
nan
tscsdj30
3128 3128
(3128,)
nan
tscsdj31
2385 2385
(2385,)
nan
tscsdj32
1619 1619
(1619,)
nan
tscsdj33
2878 2878
(2878,)
nan
tscsdj34
2259 2259
(2259,)
nan
tscsdj35
2043 2043
(2043,)
nan
tscsdj36
2533 2533
(2533,)
nan
tscsdj37
2883 2883
(2883,)
nan
tscsdj38
2384 2384
(2384,)
nan
tscsdj39
3332 3332
(3332,)
nan
tscsdj40
1510 1510
(1510,)
nan
tscsdj41
2296 2296
(2296,)
nan
tscsdj42
1681 1681
(1681,)
5.06115352349
tscsdj43
3401 3401
(3401,)
5.08784259844
tscsdj44
2190 2190
(2190,)
nan
tscsdj45
2739 2739
(2739,)
nan
tscsdj46
2294 2294
(2294,)
nan
tscsdj47
1779 1779
(1779,)
nan
tscsdj48
2652 2652
(2652,)
nan
tscsdj49
3858 3858
(3858,)
5.06304163061
tscsdj50
2014 2014
(2014,)
nan
Beta :  2.7
tscsdj01
2777 2777
(2777,)
nan
tscsdj02
2013 2013
(2013,)
nan
tscsdj03
2163 2163
(2163,)
nan
tscsdj04
2595 2595
(2595,)
nan
tscsdj05
1969 1969
(1969,)
nan
tscsdj06
2792 2792
(2792,)
5.02853509614
tscsdj07
3253 3253
(3253,)
nan
tscsdj08
1719 1719
(1719,)
nan
tscsdj09
1678 1678
(1678,)
nan
tscsdj10
2880 2880
(2880,)
nan
tscsdj11
1739 1739
(1739,)
nan
tscsdj12
2103 2103
(2103,)
nan
tscsdj13
1791 1791
(1791,)
5.11073061002
tscsdj14
3661 3661
(3661,)
4.98944239779
tscsdj15
2455 2455
(2455,)
nan
tscsdj16
2352 2352
(2352,)
nan
tscsdj17
2843 2843
(2843,)
5.06031883361
tscsdj18
2846 2846
(2846,)
5.0104923223
tscsdj19
1788 1788
(1788,)
nan
tscsdj20
2085 2085
(2085,)
nan
tscsdj21
1337 1337
(1337,)
nan
tscsdj22
2497 2497
(2497,)
nan
tscsdj23
2988 2988
(2988,)
nan
tscsdj24
2308 2308
(2308,)
nan
tscsdj25
2045 2045
(2045,)
nan
tscsdj26
2265 2265
(2265,)
nan
tscsdj27
1924 1924
(1924,)
nan
tscsdj28
1260 1260
(1260,)
nan
tscsdj29
2698 2698
(2698,)
nan
tscsdj30
3128 3128
(3128,)
nan
tscsdj31
2385 2385
(2385,)
nan
tscsdj32
1619 1619
(1619,)
nan
tscsdj33
2878 2878
(2878,)
nan
tscsdj34
2259 2259
(2259,)
nan
tscsdj35
2043 2043
(2043,)
nan
tscsdj36
2533 2533
(2533,)
nan
tscsdj37
2883 2883
(2883,)
nan
tscsdj38
2384 2384
(2384,)
nan
tscsdj39
3332 3332
(3332,)
nan
tscsdj40
1510 1510
(1510,)
nan
tscsdj41
2296 2296
(2296,)
nan
tscsdj42
1681 1681
(1681,)
5.06115525181
tscsdj43
3401 3401
(3401,)
5.08713964779
tscsdj44
2190 2190
(2190,)
nan
tscsdj45
2739 2739
(2739,)
nan
tscsdj46
2294 2294
(2294,)
nan
tscsdj47
1779 1779
(1779,)
nan
tscsdj48
2652 2652
(2652,)
nan
tscsdj49
3858 3858
(3858,)
5.06314556724
tscsdj50
2014 2014
(2014,)
nan
Beta :  2.8
tscsdj01
2777 2777
(2777,)
nan
tscsdj02
2013 2013
(2013,)
nan
tscsdj03
2163 2163
(2163,)
nan
tscsdj04
2595 2595
(2595,)
nan
tscsdj05
1969 1969
(1969,)
nan
tscsdj06
2792 2792
(2792,)
5.02405941428
tscsdj07
3253 3253
(3253,)
nan
tscsdj08
1719 1719
(1719,)
nan
tscsdj09
1678 1678
(1678,)
nan
tscsdj10
2880 2880
(2880,)
nan
tscsdj11
1739 1739
(1739,)
nan
tscsdj12
2103 2103
(2103,)
nan
tscsdj13
1791 1791
(1791,)
5.1088666563
tscsdj14
3661 3661
(3661,)
4.98943756516
tscsdj15
2455 2455
(2455,)
nan
tscsdj16
2352 2352
(2352,)
nan
tscsdj17
2843 2843
(2843,)
5.05915045863
tscsdj18
2846 2846
(2846,)
5.00486900753
tscsdj19
1788 1788
(1788,)
nan
tscsdj20
2085 2085
(2085,)
nan
tscsdj21
1337 1337
(1337,)
nan
tscsdj22
2497 2497
(2497,)
nan
tscsdj23
2988 2988
(2988,)
nan
tscsdj24
2308 2308
(2308,)
nan
tscsdj25
2045 2045
(2045,)
nan
tscsdj26
2265 2265
(2265,)
nan
tscsdj27
1924 1924
(1924,)
nan
tscsdj28
1260 1260
(1260,)
nan
tscsdj29
2698 2698
(2698,)
nan
tscsdj30
3128 3128
(3128,)
nan
tscsdj31
2385 2385
(2385,)
nan
tscsdj32
1619 1619
(1619,)
nan
tscsdj33
2878 2878
(2878,)
nan
tscsdj34
2259 2259
(2259,)
nan
tscsdj35
2043 2043
(2043,)
nan
tscsdj36
2533 2533
(2533,)
nan
tscsdj37
2883 2883
(2883,)
nan
tscsdj38
2384 2384
(2384,)
nan
tscsdj39
3332 3332
(3332,)
nan
tscsdj40
1510 1510
(1510,)
nan
tscsdj41
2296 2296
(2296,)
nan
tscsdj42
1681 1681
(1681,)
5.06115695349
tscsdj43
3401 3401
(3401,)
5.08645027028
tscsdj44
2190 2190
(2190,)
nan
tscsdj45
2739 2739
(2739,)
nan
tscsdj46
2294 2294
(2294,)
nan
tscsdj47
1779 1779
(1779,)
nan
tscsdj48
2652 2652
(2652,)
nan
tscsdj49
3858 3858
(3858,)
5.06324315655
tscsdj50
2014 2014
(2014,)
nan
Beta :  2.9
tscsdj01
2777 2777
(2777,)
nan
tscsdj02
2013 2013
(2013,)
nan
tscsdj03
2163 2163
(2163,)
nan
tscsdj04
2595 2595
(2595,)
nan
tscsdj05
1969 1969
(1969,)
nan
tscsdj06
2792 2792
(2792,)
5.01969361084
tscsdj07
3253 3253
(3253,)
nan
tscsdj08
1719 1719
(1719,)
nan
tscsdj09
1678 1678
(1678,)
nan
tscsdj10
2880 2880
(2880,)
nan
tscsdj11
1739 1739
(1739,)
nan
tscsdj12
2103 2103
(2103,)
nan
tscsdj13
1791 1791
(1791,)
5.10703149471
tscsdj14
3661 3661
(3661,)
4.98943276212
tscsdj15
2455 2455
(2455,)
nan
tscsdj16
2352 2352
(2352,)
nan
tscsdj17
2843 2843
(2843,)
5.05802102073
tscsdj18
2846 2846
(2846,)
4.99930704645
tscsdj19
1788 1788
(1788,)
nan
tscsdj20
2085 2085
(2085,)
nan
tscsdj21
1337 1337
(1337,)
nan
tscsdj22
2497 2497
(2497,)
nan
tscsdj23
2988 2988
(2988,)
nan
tscsdj24
2308 2308
(2308,)
nan
tscsdj25
2045 2045
(2045,)
nan
tscsdj26
2265 2265
(2265,)
nan
tscsdj27
1924 1924
(1924,)
nan
tscsdj28
1260 1260
(1260,)
nan
tscsdj29
2698 2698
(2698,)
nan
tscsdj30
3128 3128
(3128,)
nan
tscsdj31
2385 2385
(2385,)
nan
tscsdj32
1619 1619
(1619,)
nan
tscsdj33
2878 2878
