-0.00441764715563
-0.00441594243016
-0.00441253398587
-0.00440742383538
-0.00440061499598
-0.00439211148769
-0.00438191833061
-0.00437004154168
-0.00435648813076
-0.00434126609605
-0.0043243844189
-0.00430585305801
-0.00428568294286
-0.00426388596668
-0.0042404749787
-0.00421546377575
-0.00418886709335
-0.00416070059607
-0.0041309808674
-0.00409972539891
-0.00406695257894
-0.00403268168059
-0.00399693284922
-0.00395972708938
-0.0039210862511
-0.00388103301576
-0.0038395908813
-0.00379678414699
-0.00375263789763
-0.00370717798726
-0.00366043102239
-0.00361242434471
-0.00356318601334
-0.00351274478661
-0.00346113010344
-0.0034083720642
-0.0033545014112
-0.00329954950874
-0.0032435483228
-0.00318653040029
-0.00312852884798
-0.00306957731102
-0.00300970995116
-0.00294896142464
-0.00288736685972
-0.00282496183395
-0.00276178235118
-0.0026978648182
-0.00263324602126
-0.00256796310224
-0.00250205353468
-0.00243555509953
-0.00236850586077
-0.00230094414082
-0.00223290849582
-0.00216443769075
-0.00209557067439
-0.00202634655429
-0.00195680457149
-0.00188698407528
-0.00181692449786
-0.00174666532899
-0.00167624609053
-0.00160570631109
-0.00153508550062
-0.00146442312502
-0.0013937585808
-0.00132313116987
-0.00125258007428
-0.00118214433116
-0.00111186280771
-0.00104177417636
-0.00097191689003
-0.000902329157565
-0.00083304891937
-0.000764113823197
-0.000695561200171
-0.000627428041016
-0.000559750972541
-0.000492566234366
-0.000425909655921
-0.000359816633739
-0.000294322109039
-0.000229460545627
-0.000165265908132
-0.00010177164058
-3.90106453264e-05
2.2984737632e-05
8.41827509686e-05
0.000144552239933
0.000204062671848
0.000262684155178
0.000320387458164
0.000377144027002
0.000432926003569
0.000487706242665
0.000541458328777
0.000594156592345
0.000645776125518
0.000696292797399
0.000745683268759
0.000793925006215
0.000840996295862
0.000886876256349
0.000931544851399
0.000974982901742
0.00101717209649
0.00105809500389
0.00109773508155
0.00113607668597
0.00117310508156
0.00120880644898
0.0012431678929
0.0012761774491
0.00130782409099
0.00133809773549
0.0013669892482
0.00139449044807
0.00142059411128
0.0014452939746
0.00146858473801
0.00149046206677
0.00151092259272
0.00152996391505
0.00154758460035
0.00156378418202
0.00157856315907
0.0015919229942
0.00160386611135
0.00161439589246
0.0016235166737
0.00163123374103
0.00163755332511
0.00164248259559
0.00164602965477
0.00164820353063
0.00164901416927
0.0016484724267
0.00164659006002
0.00164337971806
0.00163885493135
0.00163303010155
0.00162592049028
0.00161754220737
0.00160791219857
0.0015970482327
0.00158496888822
0.00157169353929
0.00155724234133
0.00154163621598
0.00152489683561
0.00150704660738
0.00148810865665
0.00146810681012
0.00144706557834
0.00142501013788
0.00140196631296
0.00137796055677
0.00135301993225
0.00132717209257
0.00130044526117
0.00127286821144
0.00124447024603
0.00121528117581
0.00118533129852
0.00115465137712
0.00112327261773
0.00109122664742
0.00105854549164
0.00102526155141
0.000991407580312
0.000957016661154
0.000922122182534
0.000886757815145
0.000850957487916
0.000814755363992
0.000778185816567
0.000741283404584
0.000704082848326
0.000666619004903
0.000628926843668
0.000591041421558
0.000552997858398
0.000514831312168
0.000476576954255
0.000438269944718
0.00039994540756
0.000361638406046
0.000323383918067
0.000285216811581
0.000247171820136
0.000209283518496
0.000171586298387
0.000134114344384
9.69016099382e-05
5.99817935882e-05
2.33883153424e-05
-1.28457067302e-05
-4.86874796957e-05
-8.41045587185e-05
-0.000119064869776
-0.000153536732114
-0.000187488880416
-0.000220890486688
-0.000253711181832
-0.000285921076896
-0.000317490783986
-0.000348391436832
-0.000378594710982
-0.000408072843625
-0.000436798653015
-0.000464745557496
-0.000491887594104
-0.000518199436739
-0.0005436564139
-0.000568234525955
-0.000591910461955
-0.000614661615962
-0.000636466102892
-0.000657302773857
-0.000677151231
-0.000695991841801
-0.000713805752868
-0.000730574903172
-0.000746282036747
-0.000760910714827
-0.000774445327423
-0.000786871104316
-0.000798174125486
-0.00080834133094
-0.000817360529956
-0.000825220409718
-0.000831910543352
-0.000837421397348
-0.000841744338362
-0.000844871639406
-0.000846796485402
-0.000847512978115
-0.000847016140449
-0.000845301920107
-0.000842367192619
-0.000838209763725
-0.000832828371115
-0.000826222685533
-0.000818393311227
-0.000809341785769
-0.000799070579217
-0.000787583092645
-0.000774883656021
-0.000760977525454
-0.000745870879792
-0.000729570816592
-0.000712085347451
-0.000693423392704
-0.000673594775502
-0.000652610215259
-0.000630481320482
-0.000607220580992
-0.000582841359526
-0.000557357882745
-0.000530785231638
-0.000503139331339
-0.000474436940361
-0.000444695639244
-0.000413933818647
-0.000382170666871
-0.000349426156827
-0.000315721032465
-0.000281076794668
-0.000245515686619
-0.000209060678648
-0.000171735452583
-0.000133564385599
-9.4572533583e-05
-5.47856140329e-05
-1.42299884859e-05
2.70673554951e-05
6.90788227764e-05
0.000111776229532
0.000155130822532
0.000199113298839
0.000243693825874
0.000288842061874
0.000334527176691
0.000380717872948
0.000427382407518
0.000474488613321
0.000522003921425
0.000569895383425
0.000618129694102
0.000666673214333
0.000715491994244
0.000764551796581
0.000813818120302
0.000863256224347
0.000912831151599
0.000962507752996
0.00101225071179
0.00106202456794
0.00111179374261
0.00116152256275
0.00121117528579
0.00126071612436
0.00131010927108
0.00135931892335
0.00140830930819
0.00145704470705
0.00150548948058
0.00155360809341
0.00160136513884
0.00164872536345
0.00169565369165
0.00174211525012
0.00178807539208
0.0018334997215
0.00187835411711
0.0019226047562
0.00196621813834
0.00200916110877
0.00205140088168
0.00209290506318
0.00213364167405
0.00217357917224
0.00221268647504
0.00225093298099
0.0022882885915
0.00232472373207
0.00236020937324
0.00239471705115
0.00242821888776
0.00246068761062
0.00249209657235
0.00252241976961
0.00255163186171
0.00257970818876
0.00260662478937
0.0026323584179
0.00265688656126
0.00268018745516
0.00270224009996
0.00272302427591
0.00274252055797
0.00276071033007
0.0027775757988
0.00279310000658
0.00280726684433
0.00282006106348
0.00283146828747
0.00284147502267
0.0028500686687
0.00285723752815
0.00286297081572
0.00286725866673
0.00287009214504
0.00287146325035
0.00287136492484
0.00286979105926
0.00286673649826
0.00286219704526
0.00285616946649
0.00284865149455
0.00283964183121
0.00282914014965
0.00281714709594
0.00280366429001
0.00278869432585
0.00277224077114
0.00275430816613
0.00273490202202
0.00271402881853
0.0026916960009
0.00266791197627
0.00264268610935
0.00261602871748
0.00258795106504
0.00255846535726
0.00252758473333
0.00249532325894
0.00246169591817
0.00242671860478
0.00239040811286
0.00235278212691
0.00231385921128
0.00227365879904
0.00223220118028
0.00218950748979
0.0021455996942
0.00210050057854
0.00205423373228
0.00200682353478
0.00195829514024
0.0019086744621
0.00185798815694
0.00180626360789
0.0017535289075
0.00169981284018
0.00164514486416
0.00158955509293
0.00153307427633
0.00147573378112
0.00141756557122
0.00135860218742
0.0012988767268
0.00123842282174
0.00117727461852
0.00111546675565
0.00105303434176
0.000990012933236
0.000926438511536
0.00086234746019
0.000797776541539
0.000732762873196
0.000667343904268
0.000601557391342
0.000535441374252
0.000469034151647
0.000402374256376
0.000335500430697
0.000268451601341
0.000201266854441
0.000133985410332
6.66465982619e-05
-7.10168995234e-07
-6.80454205853e-05
-0.000135319653078
-0.000202493356005
-0.000269527037412
-0.000336381249418
-0.000403016613754
-0.000469393847274
-0.000535473787407
-0.000601217417554
-0.000666585892392
-0.000731540563084
-0.000796043002368
-0.000860055029514
-0.00092353873513
-0.000986456505803
-0.00104877104855
-0.00111044541509
-0.00117144302586
-0.00123172769384
-0.00129126364812
-0.0013500155572
-0.00140794855198
-0.00146502824852
-0.00152122077046
-0.00157649277107
-0.00163081145505
-0.00168414459992
-0.00173646057702
-0.00178772837223
-0.00183791760614
-0.00188699855397
-0.00193494216497
-0.00198172008139
-0.00202730465705
-0.00207166897542
-0.0021147868672
-0.00215663292751
-0.00219718253243
-0.00223641185522
-0.00227429788185
-0.00231081842613
-0.00234595214422
-0.00237967854864
-0.0024119780217
-0.00244283182837
-0.0024722221286
-0.00250013198899
-0.00252654539394
-0.00255144725618
-0.00257482342667
-0.00259666070392
-0.00261694684267
-0.00263567056197
-0.00265282155261
-0.0026683904839
-0.00268236900987
-0.00269474977475
-0.00270552641787
-0.00271469357788
-0.0027222468963
-0.00272818302044
-0.00273249960567
-0.00273519531697
-0.00273626982994
-0.002735723831
-0.00273355901705
-0.00272977809439
-0.00272438477704
-0.00271738378433
-0.00270878083793
-0.00269858265811
-0.00268679695943
-0.00267343244576
-0.00265849880461
-0.00264200670089
-0.00262396776996
-0.00260439461008
-0.00258330077423
-0.00256070076131
-0.00253661000666
-0.00251104487209
-0.00248402263514
-0.0024555614779
-0.00242568047515
-0.0023943995819
-0.00236173962041
-0.00232772226664
-0.00229237003605
-0.00225570626899
-0.00221775511545
-0.00217854151931
-0.00213809120204
-0.00209643064599
-0.00205358707704
-0.00200958844689
-0.0019644634148
-0.00191824132886
-0.00187095220691
-0.0018226267169
-0.00177329615686
-0.00172299243454
-0.00167174804654
-0.00161959605711
-0.00156657007658
-0.00151270423944
-0.00145803318204
-0.00140259202002
-0.00134641632535
-0.00128954210319
-0.00123200576834
-0.00117384412151
-0.00111509432534
-0.00105579388009
-0.000995980599274
-0.000935692584917
-0.000874968202767
-0.000813846057257
-0.000752364966344
-0.000690563936211
-0.000628482135837
-0.000566158871483
-0.000503633561078
-0.000440945708542
-0.000378134878061
-0.000315240668319
-0.000252302686722
-0.000189360523615
-0.000126453726519
-6.36217744e-05
-9.04051989746e-07
6.1660175824e-05
0.000124031789526
0.000186171840396
0.000248041575819
0.000309602464453
0.000370816221248
0.0004316448323
0.000492050579513
0.000551996065066
0.000611444235657
0.000670358406522
0.000728702285191
0.000786439994995
0.00084353609828
0.000899955619329
0.000955664066975
0.00101062745688
0.0010648123335
0.00111818579164
0.0011707154977
0.00122236971049
0.0012731173017
0.00132292777589
0.0013717712901
0.00141961867305
0.0014664414438
0.00151221183005
0.00155690278591
0.00160048800916
0.00164294195808
0.00168423986774
0.00172435776574
0.00176327248747
0.0018009616908
0.00183740387024
0.0018725783705
0.00190646539957
0.00193904604109
0.00197030226629
0.0020002169452
0.00202877385735
0.00205595770184
0.00208175410676
0.00210614963805
0.00212913180769
0.00215068908128
0.002170810885
0.00218948761185
0.00220671062739
0.00222247227467
0.00223676587865
0.00224958574984
0.00226092718741
0.00227078648153
0.00227916091514
0.00228604876497
0.002291449302
0.00229536279116
0.00229779049045
0.00229873464934
0.00229819850654
0.00229618628714
0.00229270319899
0.00228775542857
0.0022813501361
0.00227349545005
0.00226420046101
0.00225347521487
0.00224133070546
0.00222777886646
0.00221283256275
0.00219650558113
0.00217881262039
0.00215976928085
0.00213939205322
0.00211769830693
0.00209470627787
0.00207043505548
0.0020449045694
0.00201813557547
0.00199014964123
0.00196096913083
0.00193061718947
0.0018991177273
0.00186649540282
0.00183277560576
0.0017979844395
0.00176214870303
0.00172529587243
0.00168745408189
0.00164865210434
0.0016089193316
0.00156828575418
0.00152678194068
0.00148443901671
0.00144128864363
0.00139736299673
0.00135269474326
0.00130731701999
0.00126126341053
0.00121456792239
0.00116726496369
0.00111938931962
0.00107097612875
0.00102206085895
0.000972679283227
0.000922867455329
0.000872661685125
0.000822098513876
0.000771214689324
0.000720047140665
0.000668632953401
0.000617009344096
0.000565213635047
0.000513283228899
0.000461255583203
0.000409168184953
0.000357058525102
0.000304964073089
0.000252922251383
0.000200970410063
0.00014914580146
9.74855548643e-05
4.60266513249e-05
-5.19410144471e-06
-5.61400940401e-05
-0.000106774940199
-0.000157062501478
-0.000206966911759
-0.000256452601562
-0.000305484322161
-0.000354027169469
-0.000402046607692
-0.000449508492729
-0.000496379095302
-0.000542625123804
-0.000588213746842
-0.000633112615475
-0.000677289885114
-0.00072071423708
-0.000763354899807
-0.000805181669669
-0.000846164931422
-0.000886275678244
-0.000925485531362
-0.000963766759257
-0.00100109229642
-0.00103743576166
-0.00107277147595
-0.00110707447981
-0.00114032055016
-0.00117248621673
-0.00120354877788
-0.00123348631604
-0.00126227771243
-0.0012899026614
-0.00131634168414
-0.00134157614185
-0.00136558824833
-0.00138836108202
-0.00140987859741
-0.00143012563593
-0.00144908793615
-0.00146675214342
-0.00148310581894
-0.00149813744812
-0.00151183644838
-0.00152419317629
-0.0015351989341
-0.00154484597563
-0.00155312751147
-0.00156003771357
-0.0015655717192
-0.00156972563425
-0.00157249653581
-0.00157388247418
0.966584206889
0.481426297109
-0.249312123306
-0.868766344903
-1.08823890926
-0.840147650567
-0.310383666833
0.178261717696
0.370631515439
0.24484933466
0.0228274165825
0.00524355102808
0.335795447299
0.863665617946
1.21802177254
1.06086811468
0.347354302755
-0.598250748046
-1.26160387403
-1.08419894958
-0.245785082427
0.890375786164
1.57556804021
1.31588101644
0.182879209734
-1.21916107629
-2.11256079274
-2.01535593117
-1.033342871
0.207847443734
0.955697965326
0.812292642383
0.0055673723602
-0.729837135479
-0.609093144612
0.672650640442
2.66070556235
4.30440064074
4.50304207138
2.74354188239
-0.532157734893
-4.05694377758
-6.32291710306
0.93270948396
0.871546893442
0.765313517269
0.641776882087
0.532682335762
0.464762707311
0.451808686622
0.489931487593
0.557389688121
0.619232744177
0.635802401733
0.573124270162
0.412665687178
0.157979111413
-0.163601569343
-0.504929790296
-0.808069681172
-1.01653073807
-1.08802738004
-1.00483351999
-0.779233216525
-0.452593326754
-0.0879827448021
0.242276289407
0.471549167801
0.553105390138
0.470460448305
0.241468588747
-0.0848833312142
-0.438443425967
-0.742587255469
-0.930524086691
-0.959701831983
-0.821161352276
-0.541754982405
-0.178678825379
0.192561146844
0.494190540554
0.662769032834
8.04821160091
6.53843527702
3.88782110359
0.732648854169
-2.19642253672
-4.26774688035
-5.10679052668
-4.67552435074
-3.25475929525
-1.34061327662
0.509113971085
1.8306595562
2.36733449191
2.1117190532
1.27264136075
0.185441746491
-0.801140151322
-1.42522687253
-1.57166782049
-1.28009258956
-0.707187065916
-0.0621562305689
0.460821012064
0.732915364117
0.712891086804
0.441340700564
0.0153844227542
-0.444231031616
-0.8232597978
-1.03558941211
2.81227159323
2.26866390034
1.36030168663
0.375466023845
-0.397578090057
-0.774312355701
-0.730116878639
-0.388966026296
0.0453226607948
0.381105554252
0.512268706199
0.442607749138
0.25582386104
0.0518394964143
-0.114907293583
-0.262554760807
-0.460793403362
-0.773880059091
-1.19934342765
-1.6376790937
-1.91406631446
-1.84758133919
-1.33873925098
-0.434496786683
0.662790136928
1.65232759401
2.23825761509
7.35758046713
6.85704196421
5.90009084139
4.57057967924
2.9837600909
1.2749152565
-0.413840056719
-1.9472006197
-3.20933174472
-4.1142551566
-4.61293130454
-4.69638493295
-4.39466095806
-3.77185239124
-2.91785979469
-1.93787621189
-0.940806729505
-0.027906246483
0.717152240944
1.23577144621
1.49878964805
1.50738944125
1.29063892945
0.900124398109
0.402441077258
-0.129485188561
-0.625188130451
-1.02454857394
-1.28392456749
-1.37992263143
-1.31052116438
-1.09358877359
-0.763150236495
-0.36400411422
0.0545395494754
0.444971970491
0.767164660798
0.992571861391
1.1066285053
1.10917397848
1.01299813495
0.840845461427
0.621395889184
0.384844901167
0.158720712725
-0.035496025458
-0.184531176728
-0.284034069166
-0.337852457218
-0.356077289005
-0.35224259178
-0.340177553399
-0.33104340878
1.92136404889
1.83609297043
1.66857843373
1.42540229281
1.11751706569
0.760944504087
0.376893531472
-0.00908307974191
-0.369067356411
-0.675778147592
-0.906186547354
-1.04509940916
-1.08795756186
-1.0421532358
-0.926397581884
-0.768027679246
-0.598563944263
-0.448225089106
-0.340389809166
-0.287092161786
-0.286516275446
-0.323125376319
-0.370574858114
-0.39700966833
-0.371841562116
-0.272747410059
-0.0915060592386
0.162564385484
0.462409605795
0.7665393121
1.02541779661
1.18992101578
1.22038868946
1.09461475738
0.813242182302
0.401445297092
-0.0935759282114
-0.609015681615
-1.07580296661
-1.42931707001
-1.61965181655
-5.49591366394
-3.52417851663
-0.52531702699
2.11760544877
3.31068170449
2.7925082192
1.1987763935
-0.368804016108
-1.00399281126
-0.498911650922
0.596536057312
1.37552998387
1.17939852031
0.0336029734009
-1.35235199936
-2.02266678176
-1.38592922356
0.374580779281
2.34971296443
3.3999698921
2.81715197805
0.765358512127
-1.76500320236
-3.47771752799
2.31107089833
2.15536623828
1.85985883309
1.45453872889
0.980074624362
0.483217866849
0.0115695614322
-0.391666943796
-0.692329852422
-0.868800208406
-0.913966726535
-0.835451845097
-0.65411089299
-0.40102617889
-0.113397310474
0.170143927361
0.414206510433
0.590728280698
0.681992907841
0.682235176944
0.597679972455
0.445062150001
0.248866296625
0.0376828453542
-0.159819494491
-0.318767950818
-0.421302581717
-0.458729751438
-0.43235507368
-0.352918659024
-0.238742501289
-0.112869314599
0.000397913521208
0.0790725517692
0.106685384343
0.0746752971032
-0.0163508737677
-0.156653769827
-0.328680012988
-0.509477954899
-0.673877301378
-0.797997242721
-0.862604586655
-0.855864565231
-0.775109361508
-0.627381763892
-0.428675903
-0.20197174445
0.02567839705
0.22662608691
0.376205010436
0.45593644998
5.72950514969
5.11012781771
3.97029666862
2.48956716868
0.895131422998
-0.579427543634
-1.73561033774
-2.44372276624
-2.66249395046
-2.44112418128
-1.90383997312
-1.22051625568
-0.569641525032
-0.10130780268
0.0922680434801
-0.00711255023038
-0.343763528161
-0.804044224162
-1.24433536881
-1.52486607165
-1.5420737847
-1.25259673456
-0.683853749389
0.0709404756426
0.872158876619
1.56333316573
2.00456421584
2.10263610855
1.83141867063
1.23821263425
0.434669535914
-0.42582359119
-1.17955185152
-1.68607986541
-1.85700583841
-1.67383202152
-1.19121012062
-0.524893041289
0.173064592807
0.746639328564
1.06890854422
6.19035456848
5.33952360009
3.79811132482
1.85259270891
-0.144683867653
-1.8485914061
-2.99077181523
-3.43043114443
-3.175754859
-2.37225862975
-1.2620240719
-0.124280380584
0.788330361362
1.30307485708
1.35839627501
1.00721187782
0.39322721112
-0.292370682429
-0.862156718649
-1.17867467028
-1.18458124008
-0.910280690657
-0.458577621347
0.0283027411139
0.409767575958
0.584832500148
0.51720854715
0.241509551255
-0.150176200972
-0.536863755891
-0.804031662808
-0.875859339235
-0.735586211311
-0.428706516052
-0.0485292173243
0.291518878043
0.490889504098
-1.57357516915
-1.51886758569
-1.41211705547
-1.25849649254
-1.06538446308
-0.841935801352
-0.598553075705
-0.346292759028
-0.0962439318963
0.141081213274
0.356306980146
0.541669514265
0.691379493558
0.801851602534
0.871789370244
0.902123771532
0.895813814272
0.857526489308
0.793221320188
0.709670783432
0.613951671671
0.512943792203
0.412871155731
0.318917115686
0.234939039812
0.16330045661
0.104829766158
0.058905168307
0.0236561123844
-0.0037370240084
-0.0266705517307
-0.0487032583579
-0.0731343297407
-0.102607961126
-0.138777266745
-0.182055736484
-0.231478014942
-0.28468364281
-0.338028173931
-0.38681641578
-0.425643124086
-0.448817990263
-0.45084481013
-0.426919829137
-0.373411798788
-0.288286461242
-0.171441032034
-0.0249196170243
0.147011954733
0.337944164273
0.539556668678
0.741997264877
0.934387858038
1.10542904045
1.24406729533
1.34018350188
1.38525873151
1.37297351473
1.29969985779
1.16485113607
0.971063241765
0.724190506154
0.433111309129
0.109350202229
-0.233464967924
-0.580281801802
-0.915399889525
-1.22330046764
-1.48948064062
-1.70124278189
-1.8483919952
-1.92379975753
8.41515563905
6.99168104117
4.51358815219
1.60499621883
-1.04430302388
-2.88210481806
-3.64490985827
-3.40986211358
-2.53479769839
-1.51158725287
-0.786319905796
-0.609124507177
-0.963761756182
-1.59744682702
-2.13543730252
-2.23549969355
-1.72466943303
-0.668856182851
0.648539362419
1.82925810557
2.50498761595
2.47063094291
1.75742688827
0.619976178316
-0.557005187134
-1.39717075433
-1.66516362862
-1.34505197897
-0.636691833745
0.127412185716
0.612913829534
3.55801684765
3.07914036108
2.2065905964
1.0948112226
-0.0613865964938
-1.06309297596
-1.74405375185
-2.00093862802
-1.81143125917
-1.23681910109
-0.408756401358
0.49708813109
1.29529564452
1.8262044079
1.98582860951
1.74451985942
1.15095312453
0.320909606191
-0.586709595803
-1.40175250927
-1.97621252748
-2.21258948262
-2.08173652669
-1.62686157463
-0.953130679826
-0.205175706889
0.462824975755
0.918410154144
1.0771712005
0.918947379186
0.490758536757
-0.10395403237
-0.727452756583
-1.23660340243
-1.5126308091
-1.48568442066
-1.14925658609
-0.561577962893
0.166235166521
0.892822669122
1.47537480317
1.79870816353
5.63874253911
4.76520511724
3.19589216989
1.24719978429
-0.695237483596
-2.26051764368
-3.1720801201
-3.30509644871
-2.70894020398
-1.5900703344
-0.259733431018
0.941088083601
1.72192409444
1.90963747803
1.48642958804
0.590426987124
-0.520993526016
-1.53627532442
-2.1676405522
-2.22339790079
-1.65734701592
-0.583343809111
0.748782471791
2.0107074077
2.8733316675
3.08669031791
2.54325286246
1.309427056
-0.382753315617
-2.18267769414
-3.69691367393
-4.57688765312
-4.5987314871
-3.71703640714
-2.07992952914
-0.00147390661096
2.10304109485
3.80496987515
4.75409678198
11.3557106619
7.00738963842
0.331205068849
-5.65457269343
-8.43542238915
-7.19176149373
-3.07437725377
1.53566600172
4.3389293991
4.27492071784
1.92281625408
-1.00942467913
-2.75436208723
-2.47618122458
-0.636379273131
1.42023382461
2.35629592368
1.65101589733
-0.146401063346
-1.83438318839
-2.3537788607
-1.4515743212
0.19280284616
1.43858387997
-0.798905737335
-0.797045181402
-0.785995179283
-0.753237407049
-0.684847906473
-0.570041416537
-0.4053941851
-0.197699416659
0.0353251312877
0.266816890454
0.464848956138
0.598122258952
0.642206073297
0.585095901354
0.430933704664
0.201042662848
-0.068091343131
-0.329698941898
-0.533741382963
-0.634928809807
-0.600410222391
-0.415838992731
-0.0887814664536
0.351125434527
0.855331306629
1.36238104245
1.80587917839
2.12324198374
2.26399376209
2.19648195739
1.91216238608
1.42698288782
0.779802724046
0.0281618658678
-0.757990388749
-1.50381206548
-2.13746376371
-2.59754611333
-2.839350416
9.00517132965
7.56707735869
5.01895909806
1.93212861663
-1.02546933157
-3.25795520661
-4.38695599843
-4.33531652625
-3.32802288383
-1.81232528693
-0.321258533608
0.680057160932
0.921976331597
0.396628909249
-0.654146534308
-1.8237367917
-2.67229460107
-2.86559076015
-2.28022675637
-1.04437868498
0.49781231047
1.88778015598
2.69031548356
2.62720066623
1.66725198342
0.0456537967948
-1.79431523237
-3.32172684456
-4.06710341578
-3.75802254413
-2.40239249384
-0.29495552298
2.05598931439
4.06221373639
5.2130081806
6.64894154689
5.98030702341
4.73158021809
3.06670991589
1.20086113574
-0.631011470239
-2.20790024552
-3.35356496669
-3.95976102509
-3.9984988091
-3.52178128751
-2.64930392777
-1.54651005518
-0.396861105712
0.627029006982
1.38874777766
1.80604960952
1.85894437553
1.58717183843
1.07812997135
0.447874259252
-0.181159059158
-0.701690427453
-1.038728749
-1.15960386119
-1.07560751905
-0.835516346331
-0.512714704478
-0.188704228743
0.063698969075
0.194291630122
0.184044544298
0.0469389830295
-0.174938009602
-0.421760631004
-0.629508227411
-0.743864291292
-0.731671514043
-0.587707396224
-0.335528877142
-0.0223408761927
0.290964477003
0.542504494491
0.682224258732
-1.63842528405
-1.57727086046
-1.42058664266
-1.11872695161
-0.637599612394
0.0110225180671
0.752522787818
1.45462986222
1.95624842498
2.11302397084
1.84610944911
1.17804321047
0.242240985399
-0.740179913179
-1.51272315822
-1.85202659274
-1.63352662385
-0.874588284496
0.259287579634
1.48961821839
2.49404885894
2.99172536874
2.82162570309
1.99146243906
0.682198225038
-0.794770777235
-2.07744136198
-2.84898589567
-2.92339216987
-2.29708400293
-1.15165678472
0.193776232946
1.36814074487
2.04870848072
8.22870796595
6.60333329116
3.84518049873
0.765298856277
-1.78960292016
-3.22297289847
-3.37223606765
-2.52632559717
-1.27720182319
-0.268650421653
0.0573168757568
-0.381063310499
-1.29888145562
-2.18557182935
-2.53103836956
-2.04330881087
-0.770972475841
0.915261765185
2.46964294087
3.38381550681
3.3774942256
2.49237608225
1.05635002468
-0.460994652232
-1.63718870439
-2.25039393578
-2.33631659658
-2.13063431325
-1.92865662239
-9.46411214198
-8.58840696072
-6.9311974823
-4.66981424546
-2.0439437038
0.672285015602
3.20192175886
5.2966618516
6.76435009566
7.48924952783
7.44274358051
6.6833646947
5.34639062746
3.62454779071
1.7424431999
-0.0719230888829
-1.61492374875
-2.73088890215
-3.32867291555
-3.38934096738
-2.96430693352
-2.16450755415
-1.14234573609
-0.0690295662428
0.88953956377
1.59507873573
1.95452020529
1.93069421425
1.54489215908
0.871235674882
0.0238918775527
-0.86087705217
-1.64518572975
-2.20959420001
-2.46997514911
-2.3888904265
-1.9800026556
-1.30505177005
-0.463977960269
0.42027435375
1.22001299093
1.82145919295
2.14113854666
2.13768366889
1.81741002065
1.2329296557
0.475066591295
-0.340709186617
-1.09133801398
-1.66423913686
-1.97378093487
4.08631206437
3.57926705692
2.66044380599
1.49902459631
0.300565294091
-0.737711659755
-1.46815713901
-1.82087261745
-1.81262003764
-1.53511976182
-1.12647485042
-0.733479191219
-0.474529280806
-0.41231532871
-0.542619031643
-0.801183461142
-1.08590849442
-1.28778991751
-1.32203080152
-1.15107311911
-0.793772090068
-0.318848414899
0.174974401398
0.586255810291
0.837866305802
0.896416100002
0.779059904623
0.546269005611
0.283059661723
0.074275502368
-0.0189935551927
0.0247133149264
0.183296899101
0.399881630692
0.601461626162
0.721794907297
6.37952400358
6.26272940562
6.03184209906
5.69219566094
5.25161690846
4.72022306008
4.11016014607
3.43528993069
2.71083401864
1.95298497613
1.17849516953
0.404254587516
-0.353130849656
-1.07774908266
-1.75476881501
-2.37079326293
-2.91417151086
-3.37525950737
-3.7466242299
-4.02318621371
-4.20229742872
-4.28375334466
-4.26973989508
-4.16471787832
-3.975249066
-3.70976987607
-3.37831986322
-2.9922334449
-2.56380418512
-2.10593157665
-1.63176058042
-1.15432419405
-0.686199032544
-0.239183326864
0.175994098329
0.549926388717
0.874736570474
1.1442360539
1.35403053404
1.5015717123
1.58615489714
1.60886414043
1.57246807979
1.48127104282
1.34092518474
1.15821044473
0.940789888494
0.696948537575
0.435324057225
0.164637681366
-0.106566499262
-0.370166257973
-0.618683057546
-0.845474996251
-1.04489597504
-1.21241739682
-1.34471000345
-1.43968479248
-1.49649328908
-1.51548873686
-1.49815097409
-1.44697884074
-1.36535488688
-1.25738789517
-1.12773927157
-0.981439684499
-0.823702438417
-0.659739954737
-0.494589410271
-0.332953066299
-0.179058132434
-0.0365401755504
0.0916468629375
0.20329200353
0.296958947632
0.371988278584
0.428471281759
0.467197490077
0.489578930095
0.497554784157
0.493480772597
0.480007979358
0.45995608321
0.436186010319
0.411476894004
0.388411922404
0.369277188748
0.355977051739
0.349968789879
0.35221852155
0.363179493546
0.382792947293
0.410510887295
0.44533923304
0.485899064293
0.530502998015
0.577243187019
0.624087024873
0.668976392224
0.709926194559
0.745118022194
0.772985005675
0.792284333669
0.80215442986
-0.239326093228
-0.227015736291
-0.203249784079
-0.169673478726
-0.128598879511
-0.0828312432658
-0.0354586846206
0.0103788439295
0.0517236287998
0.0860194641378
0.111299368469
0.126327404246
0.130683753124
0.124786532071
0.109848674569
0.0877731802476
0.0609947770621
0.0322801810628
0.00450236304917
-0.0195937096907
-0.0376156559356
-0.0477210421794
-0.0487719779735
-0.0404345983859
-0.0232152481708
0.00157000479875
0.0318907958458
0.0651560897784
0.0984147333158
0.128587946869
0.15271616363
0.168201331241
0.173025918652
0.165931419534
0.146542008613
0.115422983666
0.0740684245755
0.0248177687262
-0.0292936511587
-0.0847400339242
-0.137752100281
-0.184587943457
-0.221808017069
-0.246533959917
-0.256671878637
-0.251083073538
-0.229688838317
-0.19350063236
-0.144572279831
-0.0858765042487
-0.0211136480142
0.0455345539295
0.109689149886
0.167076173798
0.213825447989
0.246744598925
0.263548487189
0.263027285143
0.245140700122
0.211031035067
0.162953530669
0.104128329932
0.0385240216316
-0.0294123532484
-0.0950600667615
-0.153942924095
-0.202038587923
-0.236057218763
-0.253669764679
4.93529037507
3.18921886823
0.558253260891
-1.7251364176
-2.7356316067
-2.3142639017
-1.05313012513
0.145007151932
0.628306432841
0.329447236339
-0.300797934916
-0.665264276355
-0.425973250715
0.310928093964
1.10994863897
1.50121761358
1.24700100932
0.431383541871
-0.633613423353
-1.58129664214
-2.12760782534
4.25291257706
3.94414623451
3.35999277526
2.56323209544
1.63857915378
0.682652495329
-0.207388015018
-0.945140310428
-1.46481789007
-1.72847579665
-1.72974981205
-1.49369407206
-1.0727912044
-0.539684764588
0.0224137648381
0.530412155263
0.911766375607
1.1133495903
1.1076741564
0.895729406457
0.506137256837
-0.00920048715294
-0.582345382095
-1.13847893071
-1.60576534277
-1.92464103604
-2.05534441042
-1.98274390009
-1.71788512479
-1.29611098738
-0.772055025188
-0.2122102189
0.313918898831
0.742902339345
1.02551562052
1.13286357315
1.05972241334
0.824701433278
0.467249855681
0.0419507056148
-0.389102706899
-0.764806991221
-1.03327983736
-1.15872424801
-1.12602122291
-0.942458367199
-0.636390649532
-0.253042868035
0.151953805427
0.520397361049
0.799648435337
0.949952123239
3.87240231054
3.42853332624
2.6138762331
1.56102723851
0.43761007683
-0.584375286525
-1.35944190405
-1.79382848051
-1.86030076173
-1.59991198647
-1.11069391961
-0.525821797368
0.0141765124997
0.389515387443
0.523968108123
0.398013429381
0.0499741794427
-0.434702376631
-0.94346450918
-1.36158010847
-1.59666754369
-1.59774223907
-1.36494165305
-0.948117297525
-0.434849135427
0.069351598307
0.464288780433
0.676757866533
0.67604178469
0.479991006785
0.150495208315
-0.220572950231
-0.531839187042
-0.694884858522
-0.653839436485
-0.397907448441
0.0358413383345
0.569999351676
1.10304167874
1.53076266112
1.76834447466
-3.17297478451
-2.58312653434
-1.54166561504
-0.290775538712
0.883344594446
1.7209615665
2.05211503846
1.83688627579
1.1726365738
0.266613279411
-0.61890259378
-1.2347992211
-1.40924609205
-1.09138363066
-0.363522527743
0.58114105265
1.48946317305
2.11478457231
2.28173822515
1.9327265499
1.14404840314
0.10742042382
-0.918497468773
-1.67425703038
-1.96656359472
-1.71883480659
-0.992311495721
0.0278914052947
1.07849488109
1.88412160396
2.22707458427
2.0031556412
1.24930121246
0.135880936712
-1.07459295301
-2.0921109774
-2.6710107748
3.92320605988
2.99666887547
1.48008360405
-0.0928057488435
-1.20870606956
-1.57665073886
-1.22827093715
-0.477049102118
0.239935164488
0.563264294279
0.364570038983
-0.213963859416
-0.84612714713
-1.18871011813
-1.04844712796
-0.471315354302
0.284661952905
0.876388098533
1.03952415977
0.710751453321
0.0517662533032
-0.633747680788
-1.04790355334
-1.03898797249
-0.667312512874
-0.166478327255
0.179071746033
3.44392181732
2.99897802721
2.17885167925
1.11182989582
-0.0359179294664
-1.08703668205
-1.88139990784
-2.30163541804
-2.29163579247
-1.86507984282
-1.10262588369
-0.138286403989
0.862746555235
1.73117305812
2.32112076567
2.53365802829
2.33247931987
1.74925832504
0.877868375848
-0.141503250992
-1.14567190888
-1.97532713862
-2.50102611411
-2.64405066021
-2.38874389868
-1.78436896506
-0.936272630735
0.0120977581087
0.90327658331
1.59192798649
1.96871350469
1.97794236531
1.62612703275
0.980097541522
0.155074070202
-0.705232995531
-1.45310993992
-1.96178267337
-2.14663244979
-1.97914745566
-1.49130830651
-0.769720735713
0.0594667201208
0.852277088338
1.47156073558
1.81041618922
3.70223460991
3.51047440622
3.13975093213
2.61471117888
1.97003329446
1.24787914756
0.494818608801
-0.241533973882
-0.915910175555
-1.48854470934
-1.92786132286
-2.21249019026
-2.33247595493
-2.28960242584
-2.09683157177
-1.77692485504
-1.36037826018
-0.882853466344
-0.38232247948
0.103840861165
0.541592645988
0.902566472942
1.16586822069
1.31920090276
1.35926190823
1.29141695864
1.12871435609
0.890354582051
0.59976988275
0.282493172554
-0.0359961607388
-0.332270211463
-0.586638271149
-0.784400022017
-0.916590320151
-0.980188392863
-0.977812738177
-0.916966863866
-0.808936477004
-0.667463000042
-0.507329674185
-0.342994618986
-0.187390919366
-0.0509891162471
0.0588147019472
0.137958167721
0.185628625468
0.203878259231
0.197007368758
0.170802622474
0.13172481071
0.0861379370098
0.0396592361326
-0.00331033170603
-0.0398408702778
-0.0685069770484
-0.0892199296614
-0.102901735352
-0.111060930248
-0.115338892352
-0.117095619826
5.05406115382
3.20914499468
0.396847401914
-2.08839915696
-3.20439698467
-2.67547939339
-1.07952019254
0.52475004305
1.20945495729
0.683056626899
-0.584935524675
-1.67305624133
-1.75993770488
-0.600108311101
1.33994283237
3.14698605096
3.96092840353
3.41921052966
1.80302578018
-0.173596155478
-1.78311786783
-2.65402571265
-2.88104133335
-2.83755879951
-11.4024047083
-6.82658188075
0.0598457087033
5.95629000364
8.28365667398
6.47741237694
2.11752607818
-2.11574406419
-4.00139348118
-2.93605104648
-0.064933706352
2.59962221017
3.46442790188
2.24759440313
-0.0197425404918
-1.79560364394
-2.05884708196
-0.900017779619
0.666203290696
1.47862097423
1.03717686438
-0.204065991059
-1.22828935691
3.42438926602
3.08474261277
2.45189003914
1.61153575009
0.675472109499
-0.235436473906
-1.00934225014
-1.55966505781
-1.83694181786
-1.83448189928
-1.58709373502
-1.16330825599
-0.652587211164
-0.149789832894
0.260448322092
0.516850050931
0.59008347621
0.485585552333
0.24042781422
-0.0849550401504
-0.418520559579
-0.68969232482
-0.841470724654
-0.83958374457
-0.677297625337
-0.375332196219
0.022797624317
0.458923061529
0.870224018695
1.19926278528
1.40235111733
1.45498168078
1.35368267974
1.11435170856
0.767755604959
0.353331552013
-0.0873833573521
-0.516451416693
-0.903444927715
-1.22713396209
-1.4750480787
-1.64147218094
-1.7247362102
1.38949563632
1.2986549583
1.12468030751
0.882301282177
0.591963031329
0.278010705333
-0.033473972416
-0.316992640855
-0.549901019305
-0.714428311356
-0.799264544193
-0.800572364834
-0.722329836558
-0.575969261672
-0.379338963147
-0.155074930966
0.0714779379277
0.274614234083
0.430679671558
0.520331712079
0.53044564951
0.455491173582
0.298248498632
0.0697890803524
-0.211290945442
-0.520331533193
-0.828649432332
-1.10599235918
-1.32320155551
-1.45485607249
-1.48166961006
-1.39242774805
-1.185288719
-0.868321729529
-0.459219128775
0.015812660927
0.523909291643
1.0280134912
1.48975724053
1.87253120775
2.14449186578
2.28125751349
2.26806583665
2.10120614813
1.78859590335
1.34943901152
0.812977383077
0.216421051014
-0.397789988213
-0.985182966759
-1.50265962704
-1.91184474993
-2.18210877583
-2.2930206826
-2.23603050151
-2.01524060577
-1.64719646316
-1.15970518505
-0.589767684582
0.0192186858669
0.620771278377
1.16888945674
1.62159900116
1.94419532218
2.11193020012
0.0272958392531
0.0272796264854
0.0272472151498
0.0271986336317
0.0271339244724
0.0270531443259
0.0269563639007
0.0268436678875
0.0267151548718
0.0265709372337
0.0264111410319
0.0262359058751
0.0260453847787
0.0258397440084
0.0256191629094
0.0253838337233
0.0251339613912
0.024869763344
0.0245914692802
0.0242993209307
0.0239935718121
0.0236744869676
0.0233423426966
0.0229974262722
0.0226400356485
0.022270479157
0.021889075192
0.0214961518865
0.0210920467783
0.0206771064667
0.0202516862599
0.0198161498145
0.0193708687661
0.0189162223526
0.0184525970296
0.0179803860795
0.0174999892132
0.0170118121665
0.0165162662902
0.0160137681355
0.0155047390337
0.0149896046729
0.0144687946695
0.0139427421372
0.0134118832523
0.0128766568174
0.0123375038223
0.0117948670036
0.0112491904035
0.0107009189278
0.0101504979036
0.00959837263766
0.00904498797553
0.00849078786192
0.00793621490292
0.00738170993043
0.00682771156935
0.00627465580794
0.00572297557187
0.00517310030231
0.00462545553861
0.00408046250602
0.00353853770881
0.00300009252925
0.00246553283298
0.00193525858101
0.00140966344892
0.000889134453623
0.000374051587963
-0.000135212536231
-0.000638293036471
-0.00113483309883
-0.00162448430776
-0.00210690696609
-0.00258177040496
-0.00304875328328
-0.00350754387649
-0.00395784035421
-0.00439935104661
-0.00483179469914
-0.00525490071537
-0.00566840938778
-0.00607207211609
-0.00646565161309
-0.00684892209768
-0.00722166947488
-0.00758369150274
-0.0079347979459
-0.00827481071568
-0.00860356399662
-0.00892090435919
-0.00922669085881
-0.00952079512089
-0.00980310141185
-0.0100735066962
-0.0103319206795
-0.0105782658371
-0.010812477429
-0.0110345035005
-0.0112443048687
-0.0114418550947
-0.0116271404428
-0.0118001598245
-0.0119609247296
-0.0121094591427
-0.0122457994475
-0.012369994316
-0.012482104585
-0.0125822031202
-0.012670374666
-0.012746715683
-0.0128113341736
-0.0128643494938
-0.0129058921541
-0.0129361036078
-0.0129551360279
-0.0129631520726
-0.0129603246394
-0.012946836609
-0.0129228805779
-0.0128886585818
-0.0128443818083
-0.0127902703002
-0.0127265526506
-0.0126534656878
-0.0125712541527
-0.0124801703683
-0.0123804739004
-0.012272431213
-0.0121563153146
-0.0120324054
-0.011900986485
-0.0117623490361
-0.0116167885943
-0.0114646053955
-0.0113061039851
-0.0111415928301
-0.0109713839274
-0.0107957924085
-0.0106151361431
-0.0104297353398
-0.0102399121456
-0.010045990244
-0.00984829445331
-0.00964715032426
-0.0094428837379
-0.00923582050474
-0.00902628596495
-0.00881460459036
-0.00860109958867
-0.00838609251042
-0.00816990285897
-0.00795284770419
-0.00773524130009
-0.00751739470706
-0.00729961541884
-0.00708220699502
-0.00686546869922
-0.00664969514345
-0.00643517593915
-0.00622219535515
-0.00601103198309
-0.00580195841061
-0.00559524090271
-0.00539113909163
-0.00518990567567
-0.00499178612714
-0.00479701841005
-0.00460583270757
-0.00441845115973
-0.00423508761173
-0.00405594737293
-0.00388122698702
-0.00371111401353
-0.00354578682091
-0.00338541439148
-0.00323015613844
-0.00308016173518
-0.00293557095706
-0.00279651353579
-0.00266310902672
-0.00253546668907
-0.00241368537927
-0.00229785345753
-0.0021880487078
-0.0020843382711
-0.00198677859241
-0.00189541538112
-0.00181028358509
-0.00173140737837
-0.00165880016253
-0.00159246458173
-0.00153239255132
-0.00147856530015
-0.00143095342634
-0.00138951696655
-0.00135420547874
-0.00132495813807
-0.00130170384615
-0.00128436135322
-0.00127283939337
-0.00126703683239
-0.0012668428283
-0.00127213700422
-0.00128278963344
-0.0012986618365
-0.00131960578992
-0.00134546494653
-0.00137607426694
-0.00141126046205
-0.00145084224617
-0.00149463060053
-0.00154242904691
-0.00159403393093
-0.00164923471481
-0.00170781427916
-0.00176954923348
-0.00183421023499
-0.00190156231546
-0.00197136521556
-0.00204337372641
-0.00211733803791
-0.00219300409343
-0.00227011395039
-0.00234840614642
-0.00242761607055
-0.002507476339
-0.00258771717526
-0.00266806679375
-0.00274825178688
-0.00282799751485
-0.0029070284978
-0.00298506880985
-0.00306184247449
-0.00313707386097
-0.00321048808107
-0.00328181138586
-0.00335077156193
-0.0034170983267
-0.00348052372214
-0.00354078250665
-0.00359761254448
-0.00365075519223
-0.00369995568201
-0.00374496350076
-0.00378553276527
-0.00382142259241
-0.00385239746419
-0.00387822758709
-0.00389868924535
-0.00391356514767
-0.00392264476688
-0.00392572467231
-0.00392260885424
-0.00391310904019
-0.00389704500249
-0.00387424485692
-0.0038445453519
-0.00380779214792
-0.00376384008681
-0.00371255345057
-0.00365380620935
-0.00358748225828
-0.0035134756429
-0.00343169077272
-0.00334204262283
-0.00324445692315
-0.00313887033508
-0.00302523061535
-0.00290349676678
-0.00277363917574
-0.00263563973617
-0.00248949195992
-0.00233520107313
-0.0021727840988
-0.00200226992499
-0.00182369935893
-0.00163712516659
-0.00144261209791
-0.00124023689733
-0.00103008829978
-0.000812267012031
-0.00058688567925
-0.000354068836941
-0.000113952848135
0.000133314174074
0.000387572458649
0.000648650683306
0.000916366095722
0.00119052464917
0.00147092115246
0.00175733943411
0.00204955252049
0.00234732282799
0.0026504023688
0.00295853297029
0.00327144650774
0.00358886515015
0.00391050161896
0.0042360594594
0.0045652333242
0.00489770926943
0.00523316506209
0.00557127049921
0.00591168773813
0.0062540716376
0.0065980701094
0.00694332447997
0.00728946986198
0.00763613553508
0.00798294533573
0.00832951805557
0.00867546784787
0.00902040464179
0.00936393456384
0.00970566036616
0.0100451818612
0.0103820963624
0.0107159991299
0.0110464838218
0.0113731429493
0.0116955683363
0.0120133515817
0.0123260845259
0.0126333597184
0.0129347708881
0.0132299134151
0.0135183848025
0.0137997851499
0.0140737176253
0.0143397889378
0.0145976098075
0.0148467954349
0.0150869659675
0.0153177469636
0.0155387698526
0.015749672392
0.0159500991196
0.0161397018005
0.0163181398695
0.0164850808668
0.0166402008679
0.0167831849057
0.0169137273865
0.0170315324966
0.0171363146016
0.0172277986363
0.0173057204856
0.0173698273553
0.0174198781326
0.0174556437366
0.0174769074568
0.0174834652808
0.0174751262097
0.0174517125612
0.0174130602602
0.0173590191166
0.0172894530885
0.0172042405333
0.0171032744437
0.0169864626691
0.0168537281234
0.0167050089765
0.0165402588317
0.0163594468868
0.0161625580798
0.015949593219
0.0157205690958
0.0154755185828
0.0152144907136
0.0149375507476
0.0146447802168
0.0143362769561
0.0140121551166
0.0136725451618
0.0133175938466
0.0129474641791
0.0125623353648
0.0121624027343
0.0117478776531
0.0113189874143
0.0108759751142
0.0104190995112
0.00994863486678
0.00946487077027
0.00896811194655
0.00845867804714
0.00793690342467
0.00740313689112
0.00685774145988
0.00630109407179
0.00573358530558
0.00515561907271
0.0045676122971
0.00396999457988
0.00336320784946
0.00274770599732
0.00212395449979
0.0014924300261
0.000853620033216
0.000208022347671
-0.000443855265142
-0.00110149554381
-0.00176437218549
-0.00243195031178
-0.00310368694548
-0.00377903149777
-0.00445742626528
-0.0051383069367
-0.00582110310828
-0.00650523880791
-0.00719013302706
-0.00787520026025
-0.00855985105138
-0.00924349254649
-0.0099255290523
-0.0106053626001
-0.0112823935142
-0.0119560209849
-0.0126256436446
-0.0132906601471
-0.0139504697493
-0.0146044728952
-0.0152520717999
-0.0158926710359
-0.0165256781182
-0.0171505040891
-0.0177665641027
-0.0183732780063
-0.0189700709207
-0.0195563738166
-0.0201316240886
-0.0206952661237
-0.0212467518664
-0.0217855413776
-0.0223111033879
-0.0228229158448
-0.0233204664526
-0.0238032532041
-0.0242707849056
-0.0247225816916
-0.0251581755315
-0.0255771107256
-0.0259789443914
-0.026363246939
-0.0267296025345
-0.0270776095526
-0.0274068810159
-0.0277170450221
-0.0280077451577
-0.0282786408974
-0.0285294079903
-0.0287597388312
-0.0289693428163
-0.0291579466842
-0.0293252948408
-0.0294711496684
-0.0295952918177
-0.0296975204833
-0.0297776536625
-0.0298355283955
-0.0298710009893
-0.029883947222
-0.0298742625307
-0.0298418621789
-0.029786681407
-0.0297086755625
-0.0296078202122
-0.0294841112345
-0.0293375648923
-0.0291682178871
-0.0289761273928
-0.0287613710701
-0.0285240470614
-0.0282642739653
-0.027982190792
-0.0276779568987
-0.0273517519052
-0.0270037755893
-0.0266342477638
-0.0262434081322
-0.0258315161267
-0.0253988507252
-0.0249457102506
-0.0244724121494
-0.0239792927532
-0.0234667070198
-0.0229350282573
-0.0223846478287
-0.0218159748396
-0.0212294358075
-0.0206254743136
-0.0200045506383
-0.0193671413791
-0.0187137390524
-0.018044851679
-0.0173610023544
-0.0166627288035
-0.0159505829198
-0.0152251302914
-0.0144869497119
-0.0137366326784
-0.0129747828757
-0.0122020156486
-0.0114189574616
-0.0106262453474
-0.00982452634383
-0.00901445692041
-0.00819670239512
-0.00737193634145
-0.0065408399866
-0.00570410160143
-0.00486241588262
-0.00401648332775
-0.00316700960373
-0.00231470490941
-0.00146028333282
-0.000604462203664
0.000252038558146
0.00110849709753
0.001964190282
0.00281839436164
0.0036703856306
0.00451944108945
0.0053648391079
0.00620586008694
0.0070417871201
0.00787190665291
0.0086955091401
0.00951188969981
0.0103203487641
0.0111201927255
0.011910734578
0.0126912945536
0.0134612007517
0.0142197897623
0.0149664072816
0.0157004087199
0.0164211598006
0.0171280371504
0.0178204288793
0.0184977351508
0.019159368741
0.0198047555862
0.0204333353186
0.0210445617896
0.0216379035804
0.022212844498
0.0227688840586
0.0233055379557
0.0238223385134
0.0243188351244
0.0247945946723
0.0252492019372
0.0256822599854
0.0260933905414
0.026482234343
0.0268484514785
0.0271917217054
0.0275117447516
0.0278082405973
0.0280809497378
0.028329633428
0.0285540739058
0.0287540745979
0.0289294603037
0.0290800773607
0.0292057937887
0.0293064994139
0.0293821059726
0.0294325471943
0.0294577788642
