0.683096010165
1.15845204002
1.57093110779
1.94508899426
2.28689418973
2.59926884184
2.88448993937
3.14458456525
3.3814144023
3.59671134024
3.79209474335
3.96908352845
4.12911224969
4.27353534347
4.40363083934
4.52060510823
4.6255937178
4.71966130102
4.80380316363
4.87894584892
4.94594828659
5.00560293019
5.05863682914
5.10571613287
5.14744756976
5.18438151476
5.21701520851
5.245798306
5.27113472596
5.29338784604
5.3128834103
5.32991337457
5.34473944872
5.35759571747
5.36869184223
5.3782153069
5.38633424921
5.39319919551
5.39894487126
5.40369199841
5.40754896117
5.41061316726
5.41297189037
5.41470352304
5.41587846838
5.41656008351
5.4168053158
5.41666537085
5.41618625415
5.41540942535
5.41437222286
5.41310811798
5.41164704863
5.41001599828
5.40823922294
5.40633833047
5.40433264514
5.40223939915
5.40007388057
5.39784962754
5.39557867034
5.3932715527
5.39093761531
5.38858503313
5.38622096662
5.38385148434
5.38148200046
5.37911719951
5.3767610209
5.37441686056
5.37208759612
5.36977569216
5.36748327964
5.36521203295
5.36296342882
5.36073862643
5.35853868548
5.35636450126
5.35421687651
5.35209634571
5.35000350865
5.34793889618
5.34590289346
5.34389593868
5.34191849096
5.33997098624
5.33805373197
5.33616700446
5.33431133225
5.33248708891
5.33069479089
5.32893484636
5.32720765353
5.32551365652
5.32385339413
5.32222736831
5.32063608233
5.3190800408
5.31755987014
5.31607602556
5.31462906249
5.31321958381
5.31184812635
5.3105152266
5.3092214459
5.30796732345
5.30675339308
5.30558022941
5.30444825358
5.30335807959
5.30231016611
5.3013050025
5.30034305376
5.29942474095
5.29855043587
5.29772063085
5.29693576705
5.29619624495
5.29550239266
5.29485452888
5.29425297222
5.29369800494
5.29318991233
5.29272876677
5.29231478478
5.29194829865
5.29162954288
5.29135858662
5.29113551174
5.29096041243
5.2908333255
5.29075434359
5.29072340952
5.2907405461
5.29080580074
5.29091908435
5.2910801799
5.29128910184
5.29154564979
5.29184966978
5.29220100183
5.29259935394
5.29304445519
5.29353605889
5.29407391274
5.29465765648
5.29528682595
5.29596118424
5.29668033462
5.29744381391
5.29825115518
5.29910200606
5.29999577371
5.30093203911
5.30191027573
5.30292979332
5.3039900073
5.30509041433
5.3062303694
5.30740917038
5.30862616315
5.30988066907
5.31117197662
5.31249938521
5.31386226159
5.31525987001
5.31669135488
5.31815590397
5.31965278485
5.32118104984
5.32273993931
5.32432858155
5.32594612774
5.32759168039
5.32926442964
5.33096344633
5.3326877505
5.33443642342
5.33620854548
5.33800318898
5.3398193124
5.34165604776
5.34351249939
5.34538766962
5.34728055672
5.34919003375
5.35111510034
5.35305486853
5.35500834949
5.35697444203
5.35895222932
5.36094063286
5.36293866407
5.36494526824
5.36695946978
5.36898018411
5.37100639752
5.37303711997
5.37507132912
5.37710805215
5.37914624618
5.38118496908
5.38322317553
5.38525989195
5.38729417338
5.38932495373
5.39135123357
5.39337208328
5.39538655607
5.39739378784
5.3993928602
5.40138267491
5.40336230253
5.40533088588
5.4072875649
5.4092314263
5.4111615801
5.41307711342
5.4149772493
5.41686107711
5.41872776658
5.420576605
5.42240675438
5.42421742242
5.4260079211
5.42777750573
5.42952544458
5.43125102412
5.43295347346
5.43463207298
5.43628627275
5.43791542782
5.43951888087
5.44109603007
5.44264626851
5.44416906602
5.44566396172
5.44713046528
5.4485680863
5.44997631656
5.45135466765
5.4527026751
5.45401994566
5.45530608287
5.45656074555
5.45778359805
5.45897435378
5.46013259909
5.46125810687
5.46235074454
5.46341027238
5.46443650082
5.46542911074
5.46638792685
5.46731286439
5.46820376269
5.46906058514
5.4698832847
5.47067172566
5.4714258482
5.47214579094
5.47283148941
5.47348299702
5.47410050335
5.47468399564
5.47523355757
5.475749319
5.47623146003
5.4766801898
5.47709576136
5.47747823723
5.4778279887
5.47814519823
5.47843013662
5.47868310404
5.47890442095
5.4790944747
5.47925373488
5.4793824694
5.47948103263
5.47954982217
5.47958933416
5.47959996132
5.47958225121
5.4795366595
5.47946371562
5.47936392321
5.47923776547
5.4790858542
5.47890882578
5.47870715739
5.47848151796
5.47823254642
5.47796080262
5.47766684788
5.47735139834
5.47701503363
5.47665850855
5.4762825004
5.47588772162
5.47547482048
5.47504448033
5.47459752419
5.47413463847
5.47365654765
5.47316404021
5.47265781087
5.4721385233
5.47160708993
5.47106425235
5.47051074474
5.46994739321
5.46937496336
5.46879415049
5.46820578611
5.46761070557
5.46700962066
5.46640331199
5.46579252917
5.46517814965
5.46456097137
5.46394170792
5.46332115606
5.46270007826
5.46207938967
5.46145982139
5.46084210607
5.46022696046
5.45961515453
5.45900745038
5.45840459739
5.45780728394
5.45721626569
5.45663229785
5.45605606633
5.45548824619
5.45492960528
5.45438088639
5.45384270993
5.45331573723
5.45280065337
5.45229815741
5.45180887623
5.45133339366
5.45087224109
5.45042606304
5.44999554557
5.44958123365
5.4491836825
5.44880339506
5.44844090093
5.44809668328
5.44777126627
5.44746517571
5.4471788698
5.44691270599
5.44666724687
5.44644295046
5.44624019841
5.44605926761
5.44590050931
5.44576444588
5.44565136687
5.44556154306
5.44549523716
5.44545282817
5.44543457476
5.4454405719
5.4454710639
5.4455263329
5.44560659973
5.44571198149
5.44584264055
5.44599872264
5.44618029376
5.44638746713
5.44662035772
5.44687900644
5.44716340616
5.44747358559
5.4478095595
5.44817130994
5.44855873249
5.44897180725
5.44941045302
5.44987455093
5.45036403325
5.45087873087
5.45141849604
5.45198317049
5.45257260549
5.45318663337
5.45382491419
5.45448723007
5.45517336689
5.45588315171
5.45661622877
5.4573723062
5.45815107843
5.45895214289
5.45977501614
5.46061942241
5.46148511212
5.46237158972
5.46327842595
5.46420518244
5.46515138936
5.46611669728
5.46710059228
5.46810251885
5.46912199383
5.47015853724
5.47121172144
5.47228099835
5.47336576606
5.47446550921
5.47557968348
5.47670773268
5.47784913229
5.47900325538
5.48016956536
5.48134749151
5.48253630669
5.48373534118
5.4849439774
5.48616167851
5.4873877465
5.48862153569
5.48986248411
5.49110994904
5.49236321459
5.49362178583
5.49488498978
5.49615198526
5.49742215747
5.49869488347
5.49996956497
5.50124543927
5.50252193917
5.50379834345
5.50507401551
5.50634840062
5.50762071915
5.50889025042
5.51015631846
5.5114184925
5.51267614002
5.51392849475
5.51517493778
5.51641490686
5.51764787986
5.51887304606
5.52008988774
5.52129783441
5.52249626166
5.52368455359
5.5248621847
5.5260285369
5.52718303414
5.52832517732
5.52945436957
5.53057015304
5.5316719785
5.53275933633
5.53383175758
5.53488876776
5.53592984475
5.53695456492
5.53796239306
5.53895298021
5.53992597252
5.54088090521
5.54181727847
5.54273481729
5.54363307898
5.54451168406
5.54537035571
5.54620866391
5.54702644316
5.54782331258
5.54859899259
5.54935331977
5.55008599634
5.55079677069
5.55148549533
5.55215194255
5.55279594719
5.55341738696
5.55401592777
5.55459144192
5.5551438724
5.55567309116
5.5561790367
5.55666173202
5.55712103375
5.55755685488
5.55796932943
5.55835832733
5.55872375375
5.55906573174
5.55938426944
5.55967936442
5.55995125552
5.56020010787
5.56042586745
5.56062860347
5.5608085616
5.56096588148
5.56110066292
5.56121315178
5.56130356651
5.56137212213
5.56141918215
5.56144483973
5.56144933034
5.56143300763
5.5613961291
5.56133899159
5.56126188825
5.56116523933
5.56104939571
5.56091468717
5.5607615426
5.56059031212
5.56040121853
5.56019483023
5.55997150467
5.55973162714
5.55947555934
5.55920379572
5.55891688994
5.5586153236
5.5582995415
5.55796984864
5.5576266699
5.55727043276
5.55690164298
5.55652073671
5.55612805137
5.55572421193
5.55530963879
5.55488460173
5.55444957276
5.55400517641
5.55355182781
5.55308975532
5.55261948634
5.55214144584
5.55165602953
5.55116363979
5.55066465142
5.55015947501
5.54964856874
5.54913222863
5.54861083492
5.54808481235
5.54755440099
5.54702002537
5.5464822117
5.54594135166
5.54539775868
5.54485179309
5.54430379205
5.54375398726
5.54320285812
5.54265087059
5.54209836196
5.54154579503
5.54099373193
5.54044247777
5.5398922945
5.53934376319
5.53879728032
5.53825318532
5.53771196768
5.53717422111
5.53664053037
5.53611112711
5.53558650999
5.53506724375
5.53455404498
5.5340473005
5.53354739018
5.53305489473
5.53257034958
5.53209428096
5.53162727732
5.53116998517
5.5307229744
5.53028671131
5.52986155444
5.52944824391
5.52904745442
5.52865969607
5.52828527212
5.52792481277
5.52757896593
5.52724817418
5.52693280672
5.52663355607
5.52635097209
5.52608543754
5.52583745512
5.52560760325
5.52539638584
5.52520416251
5.52503158507
5.52487914728
5.52474721221
5.52463642434
5.52454746224
5.52448090356
5.52443712035
5.52441684984
5.52442061044
5.52444889969
5.52450247187
5.52458206454
5.52468823378
5.52482166162
5.52498303851
5.52517285879
5.52539187232
5.52564072397
5.52592008767
5.52623056081
5.52657262339
5.52694677357
5.52735321691
5.52779224891
5.52826415736
5.52876896737
5.52930661431
5.52987689476
5.53047960767
5.5311141994
5.53178006397
5.53247622836
5.53320163993
5.53395493623
5.53473477498
5.53553955357
5.53636741961
5.53721630502
5.53808402768
5.53896813899
5.53986608172
5.54077520033
5.5416926363
5.54261538307
5.54354032719
5.54446450726
5.54538495662
5.54629839108
5.54720162194
5.54809174223
5.54896587201
5.54982131921
5.55065545765
5.55146610194
5.55225118497
5.55300885924
5.55373777348
5.55443698373
5.55510564681
5.55574369267
5.55635122559
5.55692881553
5.55747770831
5.55799957859
5.55849655798
5.55897143564
5.55942734304
5.55986787724
5.56029713985
5.56071967933
5.56114054509
5.56156516373
5.56199922526
5.56244870898
5.56292009405
5.56342001464
5.56395508468
5.56453180993
5.56515669104
5.56583582386
5.56657485588
5.56737911488
5.56825260311
5.56919815703
5.57021710779
5.57130901904
5.57247083477
5.57369698516
5.57497899743
5.57630465476
5.57765714102
5.57901466224
5.58035130391
5.58163541836
5.5828295535
5.58389081414
5.58477126838
5.58541697944
5.58576990787
5.58576778111
5.58534554947
5.58443690031
5.5829753384
5.58089346654
5.57812491567
5.57460718321
5.57027863642
5.56507890901
5.55894918625
5.55183123351
5.54367132834
5.53442032902
5.52402908825
5.51245152075
5.49965431167
5.48561372578
5.47031352459
5.45376481297
5.43599225774
5.41703711679
5.39695980249
5.37586981735
5.35409139887
5.33336532646
5.32475804971
5.32603694781
5.33045948062
5.33782206612
5.34864689921
5.36313962576
5.38088967208
5.40074225427
5.4206138157
5.43616941585
5.45111100079
5.46569743885
5.4801136486
5.49403617721
5.50676835602
5.51752501934
5.52569070715
5.5309532489
5.53334827799
5.53359529379
5.53802471224
5.54956511329
5.56952415535
5.5998521655
5.63665502865
5.66884040224
5.67616854706
5.68399166997
5.69254777121
5.70165501666
5.71088162291
5.71991217942
5.72868442969
5.73720942606
5.745257913
5.75237149043
5.75981701851
5.76810985085
5.77264628924
5.7727200584
5.76919969706
5.76393533773
5.75898056465
5.7554391109
5.75737144353
5.75928396789
5.75986890257
5.75940668522
5.75840255566
5.75738630906
5.75685360182
5.75720125471
5.75864945484
5.76117385995
5.76445944684
5.76789023651
5.7705370783
5.77095839734
5.76554059758
5.7550729862
5.74126363572
5.72326903865
5.70481118803
5.6940287157
5.68448244057
5.6751343283
5.66573570198
5.65614749996
5.64625911031
5.6360032286
5.62538135471
5.61448593272
5.60350868307
5.59274285889
5.58256709951
5.57341734955
5.56574415205
5.55996191275
5.55639021766
5.55520216167
5.55636705196
5.55956849877
5.56381729383
5.56709541865
5.56275948216
5.55802520709
5.55451576122
5.55278613392
5.55277730433
5.55375479822
5.55436244528
5.55287256676
5.54750728517
5.53658310045
5.51747803486
5.50489725941
5.4942888421
5.4853058446
5.47803691533
5.47241091914
5.4680801677
5.46439370693
5.46042917119
5.45509441216
5.44735832345
5.43701543626
5.42883051588
5.43043323312
5.43205446136
5.4325893005
5.43264062952
5.43311604359
5.43430373556
5.43617618823
5.43708482287
5.44110702064
5.4461950792
5.45207116521
5.45866040651
5.46586471289
5.47351326443
5.48135886091
5.48909791843
5.49641998259
5.50304988938
5.5087261291
5.51300959753
5.51432303964
5.50432294438
5.48154544812
5.45699549519
5.43362543643
5.41037308579
5.39632156694
5.38573698817
5.37893507275
5.37658220144
5.37863751493
5.38410147787
5.39038169794
5.39607627249
5.40007043011
5.39976433614
5.39846447145
5.39733670154
5.39676655406
5.39691794246
5.39783875529
5.399497006
5.40181991184
5.40471612074
5.40809791774
5.41187940053
5.41597984566
5.42030565744
5.42473577078
5.42910307997
5.43319361609
5.43674365453
5.4394499634
5.44099063655
5.44105724491
5.43935485894
5.4355127899
5.42829837212
5.4104191344
5.39578421176
5.38305488637
5.37211089641
5.36293327939
5.35544465766
5.349502422
5.3449198074
5.34149608181
5.33904218591
5.33740321943
5.33646935947
5.33617807141
5.33650715668
5.3374584946
5.33903956834
5.34124501235
5.34403872482
5.34734350109
5.35103952135
5.35496873531
5.35895001262
5.36279777926
5.36634306301
5.36945363841
5.37203965913
5.37399318728
5.3747363959
5.37436033515
5.37354661759
5.37607411213
5.38098805433
5.38531684059
5.38878247879
5.39152189449
5.39372740927
5.39557925574
5.39722498601
5.39876549169
5.40024349602
5.40163469593
5.40284432958
5.40371199677
5.4040275878
5.40355269055
5.40205011012
5.39931415181
5.39519296205
5.38959988796
5.3825141116
5.37398612028
5.36426425621
5.35448509842
5.3441027619
5.33340038948
5.32277499056
5.3126070718
5.30322585665
5.29490019726
5.28784029008
5.28220782496
5.27812809161
5.27570416251
5.27502370221
5.27616010914
5.27916696913
5.28406127242
5.29077584544
5.29896166671
5.30831433454
5.3188638775
5.33344115414
5.34907979366
5.36523455742
5.38182897925
5.39885503752
5.41623993476
5.43385112436
5.45159938993
5.46956763155
5.48804031815
5.50738447605
5.52781416435
5.54914224524
5.57065386368
5.59118475719
5.6093431884
5.62363387565
5.63729860875
5.65015983767
5.66262919824
5.67425244127
5.68240053536
5.68611129657
5.68578298803
5.68663459812
5.69201611086
5.69714590709
5.70132369824
5.70442420275
5.70642582672
5.70738787248
5.70747728117
5.70696781356
5.70620760777
5.70555903176
5.70532709632
5.70568514605
5.70657310896
5.70733116869
5.70447602341
5.69917810899
5.69293572519
5.68603607381
5.67854678424
5.67047826649
5.66181959883
5.65255678804
5.64268448821
5.63221366096
5.62117279082
5.60960226475
5.59754672115
5.58504473631
5.57212100477
5.55878268741
5.54501873844
5.53080334757
5.5161012992
5.5008751507
5.48514112059
5.46936668753
5.45713160144
5.45044891534
5.44503121781
5.44006661742
5.43527892417
5.43050735736
5.42566886588
5.42076762926
5.41589624455
5.41121701286
5.40691933791
5.40312015293
5.39944154016
5.39587320313
5.39236451119
5.38873786867
5.38457924829
5.38254050504
5.38300364849
5.38562775346
5.38929806065
5.39241886465
5.39334669529
5.39079522476
5.38406647974
5.37307752034
5.35853953257
5.3458784679
5.33346451669
5.32140969399
5.30995170473
5.29923853306
5.28932222182
5.28018336951
5.2717475962
5.26389814211
5.25648121234
5.24930853667
5.24217379203
5.23499985799
5.22890202714
5.2262016277
5.22453413913
5.22341994693
5.22260985125
5.22188072858
5.22105739753
5.22006497934
5.2189681805
5.21798867242
5.21748860236
5.21790959409
5.21958362032
5.22185979185
5.22498724577
5.2292399971
5.23471287485
5.24117125971
5.24745291229
5.25518774635
5.26437777802
5.2745603964
5.28499184597
5.29476483888
5.30291752431
5.30854664214
5.31091082455
5.3095179129
5.30418265878
5.29501193753
5.28225539983
5.26564496647
5.25466913354
5.2449266301
5.23579229589
5.22715255708
5.21894536696
5.21112557036
5.20368744849
5.19667718748
5.19019569941
5.18438063814
5.17938117665
5.17533122486
5.17232566925
5.170406981
5.16956940246
5.16976944223
5.17094675924
5.17301855215
5.17571824026
5.17900165036
5.18288473737
5.18750747749
5.19377309497
5.20762324569
5.22433524767
5.24039202719
5.25524494376
5.26890447782
5.28156942832
5.29355509734
5.30525792501
5.31711940182
5.32958260274
5.34304240048
5.35779760169
5.37400912333
5.39167275409
5.4106068625
5.43045628011
5.45064007156
5.46981726294
5.48210930404
5.49245673577
5.50262324092
5.51279457957
5.52289515451
5.53280175612
5.54238573615
5.55153083547
5.56014143511
5.56815079921
5.57552095133
5.58224173403
5.58832537914
5.59379986616
5.59870089545
5.60306410102
5.60691781993
5.61027928826
5.6131519374
5.61552487533
5.61737399665
5.61866568097
5.61935849149
5.61940771157
5.61876930627
5.61740390244
5.61527932039
5.61237419894
5.60867946672
5.60419876521
5.59895004331
5.59295923938
5.58625852858
5.57888199265
5.57088815646
5.56254918931
5.55566332874
5.55216302679
5.54912461148
5.54607347041
5.5428594571
5.53934336314
5.53536993197
5.53079172077
5.52549935523
5.51944433492
5.51265109598
5.5052006803
5.49715865649
5.48816073556
5.47850068585
5.46862629179
5.45891810601
5.44957488699
5.44086792234
5.4279520545
5.41977488269
5.4185688988
5.42417732582
5.4347722466
5.44736874101
5.45853988835
5.46513460319
5.46459243151
5.45382094666
5.44205262339
5.4295657167
5.41665355154
5.40296988356
5.38792161088
5.37173648603
5.35937604977
5.35436941141
5.35122097324
5.34934606524
5.34860095959
5.34867487003
5.34914450512
5.34964998194
5.35002388102
5.35014111925
5.35032657609
5.35104501159
5.35278563424
5.35616513813
5.36330164602
5.3707124801
5.37874550814
5.38755771486
5.3971369604
5.40733074198
5.41787973022
5.42845061311
5.43866997902
5.44815317961
5.45652384847
5.46342757497
5.46854893666
5.47161533854
5.4723976353
5.47071663887
5.46655384113
5.46087449239
5.45627424509
5.45134927511
5.44598898992
5.44019979421
5.43396133959
5.42723526938
5.41998697306
5.41219122061
5.40382132617
5.39482732352
5.38511439928
5.3745888309
5.36364477614
5.35655056508
5.35751086292
5.35865572734
5.35849058133
5.35692556476
5.35454246705
5.35201789097
5.35088761671
5.35272483204
5.35855931126
5.36809842072
5.37684352792
5.3793340007
5.38134479108
5.38400828183
5.38758857145
5.39203206829
5.39703269221
5.4020335783
5.40625008408
5.40872322588
5.40841874854
5.40434580992
5.39567085507
5.38188328418
5.36341176464
5.3568309972
5.35396047302
5.35165431483
5.34722045978
5.33861167066
5.32516618478
5.30855478132
5.29754775474
5.29528902941
5.29377269517
5.29212265758
5.2904179162
5.28875956029
5.28717316842
5.28566036082
5.28428057392
5.28322009173
5.28281037069
5.28337463079
5.28422538195
5.28644253535
5.29146239096
5.30029080178
5.31290830181
5.32765638075
5.33846200987
5.34249013749
5.3464051139
5.35133676681
5.35691675146
5.36152378336
5.36244659988
5.35653526417
5.34106595987
5.31396557958
5.30157021834
5.29509878985
5.29229410123
5.29101542475
5.2891902174
5.28549869266
5.28001575912
5.27736275973
5.27921300266
5.28278353331
5.28672747644
5.28956613171
5.2902303207
5.28937772285
5.29473733284
5.29963817549
5.30590101804
5.31880088461
5.34172479223
5.37385414339
5.40987235933
5.44070538311
5.44882951074
5.45470534239
5.46095911419
5.46801272836
5.47582289134
5.48420734237
5.4929544212
5.50187558742
5.51082968975
5.51971951614
5.52846979707
5.53699246463
5.54515832668
5.5527877181
5.55965764932
5.56552708974
5.57022490023
5.57408172306
5.58065178603
5.59063582526
5.60006712568
5.60819656969
5.61479280185
5.61974826254
5.62286934891
5.622591407
5.61936221313
5.61422028927
5.60839631587
5.60304392563
5.59903987675
5.59706971557
5.59920853193
5.5980987662
5.59500057007
5.59035214958
5.58459683321
5.57828931731
5.57198688652
5.56604874863
5.5604213924
5.55445074339
5.54657176396
5.53251508056
5.51504505536
5.49553963736
5.47495071361
5.45402658853
5.43337574004
5.41351767941
5.39491117063
5.37798600605
5.36358158458
5.35656897467
5.35391388704
5.35277571471
5.35261061652
5.3531954015
5.35438924718
5.3560940882
5.35790222368
5.35996956286
5.36258256157
5.36601346811
5.37041396187
5.37571038119
5.38138824566
5.38537625361
5.38919607236
5.39501143639
5.40311966083
5.4131243079
5.42413400591
5.4348773018
5.44388339047
5.44971269931
5.45113788731
5.44696211209
5.4340170297
5.42566796973
5.41797166112
5.41052007199
5.4033350555
5.39642624855
5.38975524175
5.38325286051
5.37683241932
5.37039184774
5.36380471191
5.35690893302
5.34950107924
5.34134451075
5.33218530967
5.32178627866
5.31003632889
5.29755849962
5.28966596337
5.28946819974
5.29030490009
5.29114761461
5.29186571927
5.29252163789
5.29327243819
5.29433971287
5.2958792233
5.29829431839
5.30205533862
5.30759261111
5.31519791143
5.32494126231
5.33657316752
5.34920108844
5.35926110366
5.36665493268
5.37438739953
5.38377571249
5.39592801393
5.41170114095
5.43140588504
5.4545688125
5.47984929851
5.50512147299
5.52746071635
5.541562524
5.55308328608
5.56350491442
5.57351062606
5.58320268589
5.59217885052
5.59971808829
5.60508937778
5.6081238779
5.61167700446
5.61874675624
5.62588227416
5.63251321621
5.6383956274
5.64316848477
5.64548150667
5.64556463028
5.64423140207
5.64251414285
5.6413508153
5.64131304025
5.64241768854
5.64398871054
5.64399299636
5.63903406262
5.63352849506
5.62916792957
5.62693927186
5.6270204739
5.62850881598
5.6294304404
5.62705364714
5.61798019635
5.59537027056
5.57745684178
5.55996008321
5.54245817945
5.52446300562
5.50506361692
5.4832715175
5.45888957841
5.43638493822
5.41889447945
5.40119661731
5.38488059125
5.36992815887
5.35605312265
5.34307397156
5.33108078432
5.32046705855
5.31181432634
5.30557694091
5.30103643924
5.29069970639
5.27296292325
5.25448181073
5.2367472845
5.22056497053
5.20688594098
5.19698782222
5.19245911098
5.19500570734
5.20615180172
5.22687649958
5.25717725912
5.29501772808
5.33051260613
5.34941648688
5.36316640018
5.37358886469
5.38112519785
5.38607377324
5.38876085739
5.38954446348
5.3887957023
5.38687485807
5.38411578639
5.38081421261
5.37722320752
5.37354773618
5.36994401398
5.36651663059
5.36331611072
5.36033754994
5.35751787304
5.35473593314
5.35181524878
5.34852585869
5.34459802126
5.33978103736
5.33422301789
5.3309475425
5.33171315017
5.33251409735
5.33246906723
5.33131480486
5.32897239776
5.32559590193
5.32158323631
5.31753219237
5.31413274234
5.31201667217
5.31158901285
5.31285609151
5.31508331425
5.31503927695
5.30898948751
5.30322536358
5.30057522432
5.30260020017
5.30947088713
5.31982788862
5.3310278869
5.33971496625
5.34215986889
5.33235800925
5.32134490788
5.3109100123
5.301498651
5.29296207641
5.28491572811
5.27703507989
5.26928714899
5.26226474953
5.25919694829
5.26005016826
5.26253507536
5.26687518063
5.27350653014
5.28263174584
5.29396135622
5.30565617638
5.31704704873
5.32763261962
5.33696053556
5.344640384
5.35037259922
5.35397205278
5.35537725457
5.35463514248
5.35181725965
5.34662830401
5.33864894731
5.32929511602
5.31934338422
5.3095136178
5.30052593162
5.29307145122
5.28777237454
5.28512290656
5.28544369267
5.28882530191
5.29509390649
5.30379203538
5.31419478085
5.32535501849
5.33618404771
5.34554794689
5.35226243783
5.35437712807
5.34383841122
5.33196273635
5.32035134733
5.30936931849
5.29916953943
5.28984119664
5.28142768775
5.27393007829
5.26731047135
5.26149878993
5.25640104864
5.25190981061
5.24791331748
5.24430391758
5.24098417745
5.23787079262
5.23489664758
5.23201101426
5.22917807107
5.22637600674
5.22359447916
5.22083282583
5.21809860944
5.21540639066
5.2127769787
5.21023681526
5.20781855295
5.20556046448
5.20350619165
5.20170434647
5.20020728831
5.1990683438
5.1983394693
5.19806715375
5.19828816165
5.19902528998
5.20028355171
5.20204630138
5.2042740348
5.2069051593
5.20985777731
5.21303342674
5.21632405973
5.21961686322
5.22280079243
5.22577147077
5.22843375255
5.23071133482
5.23258731675
5.2343956665
5.23874508774
5.24559520197
5.25262696437
5.25947591189
5.26607418394
5.27240491642
5.27847339053
5.28430726775
5.28995826104
5.29549965766
5.30101978603
5.3066137064
5.31237096483
5.31836443035
5.32464043942
5.3312119868
5.33805327657
5.34509907098
5.35224732306
5.35936447486
5.36629314932
5.37286285879
5.37890087299
5.38424059215
5.38870730263
5.39195753702
5.39388891098
5.39447442969
5.39374019946
5.39176176423
5.38865929428
5.38458789985
5.37972720632
5.37427619051
5.36849916176
5.36311246797
5.36188936965
5.36428621139
5.36704334762
5.36965263782
5.37203496654
5.37418333507
5.37610114018
5.37779988402
5.37929420187
5.3806097347
5.38178269273
5.38285147473
5.38385968941
5.38485610689
5.38588709195
5.38699452496
5.38821618057
5.38957872703
5.39109726569
5.39277545625
5.39460823265
5.39658262589
5.39867848375
5.4008725942
5.40314234978
5.40546836677
5.40783516095
5.41023558553
5.41266881691
5.41514105792
5.41766590413
5.42026177888
5.42295038274
5.42575368331
5.42869125422
5.4317780041
5.43502243766
5.43842348852
5.44197011725
5.44563977167
5.4493980998
5.4531983678
5.45698350983
5.46068711296
5.46423373633
5.46754264136
5.47052993371
5.47310967882
5.47519893342
5.47671543246
5.47757866034
5.47771241536
5.47704387411
5.47550299444
5.47302049103
5.46952848558
5.46494558062
5.45913255047
5.45153921816
5.44227815865
5.43163916764
5.41984308107
5.40695433244
5.39294314505
5.37780187499
5.36162785178
5.34455150257
5.32668252386
5.3088880879
5.29895295216
5.29615207429
5.29963324497
5.31100095449
5.32843787379
5.34565420119
5.35080596132
5.35487711149
5.36004560692
5.36683848861
5.37359117537
5.37873269488
5.38098465516
5.38190760488
5.38423700712
5.3862138488
5.38778498436
5.38867288673
5.38833121913
5.38631422753
5.38291716223
5.38169982176
5.3876486797
5.39443579109
5.40110377722
5.40744441401
5.41334277103
5.41872056387
5.42355611506
5.42788697591
5.43179314748
5.43535454735
5.43860662046
5.44149787827
5.44386716782
5.44544860769
5.44588113982
5.44467652342
5.4407624779
5.42927075346
5.41864634073
5.40777477102
5.39658138164
5.38513958971
5.37354049689
5.36187941692
5.35025796653
5.33878529389
5.32757216842
5.31671579359
5.30628209694
5.296284012
5.2866659662
5.27729396028
5.26795336412
5.25836787382
5.24827303735
5.23784860882
5.23050532611
5.23129830643
5.23298669429
5.23411091563
5.23455674575
5.23408476285
5.23261436037
5.23029917252
5.22753910965
5.22493750981
5.22322167259
5.22312580326
5.22526849008
5.23003299701
5.23745447725
5.24702569818
5.25665602876
5.2569074379
5.25518757927
5.25429100784
5.25603124983
5.26138467474
5.27026154495
5.28145795523
5.29288220003
5.30194943316
5.3057983073
5.29990232001
5.29332590628
5.28655456603
5.2799217892
5.27355609057
5.267437999
5.26147878795
5.25559308412
5.24974924443
5.24399381774
5.23844467877
5.23326002462
5.22861515811
5.22485021821
5.22384742374
5.2254172956
5.22809872601
5.23163297825
5.23597947012
5.24095258328
5.24633991845
5.25196076486
5.25770065785
5.26353140796
5.26950244949
5.27571973288
5.28230449336
5.28934546856
5.29684161514
5.30462436383
5.31212349906
5.31808302054
5.32374036374
5.32942867082
5.33541149955
5.34200297808
5.34953190778
5.358245794
5.36819536569
5.37912829318
5.39042931689
5.4011311539
5.41001090182
5.41587187477
5.425752581
5.43736382986
5.45038972881
5.46397876679
5.47659994707
5.48608388145
5.486792798
5.48070672133
5.47494045882
5.47097471913
5.46909396008
5.46821684008
5.46834241681
5.46961825618
5.47205913557
5.47540896001
5.47912192822
5.48247760508
5.48478283567
5.4855706981
5.48471756938
5.48244265674
5.47941312701
5.47832376357
5.47714518842
5.47514185735
5.47293337062
5.47158421839
5.47241358369
5.47673138414
5.48541826807
5.49843254378
5.51425247018
5.52831620539
5.52315943015
5.51417371734
5.50417014188
5.49382948586
5.48285834044
5.46984839204
5.45424125047
5.44152909826
5.43671791016
5.43330814186
5.43041642476
5.42778303195
5.4251136375
5.42208352704
5.41841413386
5.41401568519
5.40987928469
5.40511870175
5.39906039023
5.39306815914
5.38866328887
5.3868966122
5.38798957622
5.39118597052
5.39478571419
5.39593315801
5.38749808716
5.37998770289
5.37298850942
5.3666703913
5.36109360094
5.3561430104
5.35157246192
5.34706806913
5.34230531866
5.33699360288
5.33090459466
5.32388971283
5.31588609452
5.30695234037
5.29753919692
5.29041446011
5.28796547274
5.2864826834
5.28528890019
5.28411401874
5.28272661563
5.28091474375
5.27852007088
5.27550524467
5.27214641887
5.26860293528
5.26508595854
5.2618788188
5.25932292747
5.25778551629
5.25762105892
5.25912437705
5.26248439423
5.26774609977
5.27479029915
5.28337822477
5.29349693666
5.30763459302
5.31804056861
5.32802451933
5.33809309011
5.34827596306
5.35842869111
5.36823221186
5.37719652457
5.38470238681
5.39010558418
5.39285468612
5.39257016863
5.38888791633
5.38002808864
5.37478196255
5.37043251879
5.36655145212
5.36300777208
5.35968284885
5.35644538237
5.35316796777
5.3497422674
5.346093455
5.34218577391
5.3380233758
5.33364571355
5.32911749884
5.32451749028
5.31992774746
5.31542323112
5.31106350222
5.30688827329
5.3029149579
5.29913877184
5.29553347172
5.29205405653
5.28863910138
5.28521360947
5.28169278789
5.27798437309
5.27399221265
5.26961871184
5.26476904836
5.25934878052
5.25326612008
5.24642884873
5.23874903282
5.23019119208
5.22114804525
5.21748326647
5.2209330513
5.22461233215
5.22763450189
5.23006347282
5.23211935544
5.23404971523
5.23610574004
5.23852472963
5.24148691662
5.24505022487
5.24912370261
5.25380160247
5.25702263184
5.25903775323
5.26066859994
5.26279380937
5.26611091379
5.27092142159
5.27694893837
5.28324522323
5.28818399731
5.28923693703
5.28051515583
5.27566768038
5.27360170306
5.27295782773
5.2719433328
5.26901987359
5.26331192227
5.25499103359
5.24600239387
5.23473919448
5.22053322675
5.20353280964
5.18518344649
5.16931876042
5.1615402886
5.15375760276
5.14541644786
5.13696855609
5.12910762258
5.12283912534
5.119500369
5.12052969001
5.12682244288
5.13650034335
5.14965339978
5.16639124088
5.18720783157
5.21775189506
5.2461182021
5.27161540797
5.29249442495
5.30735646108
5.31570311607
5.31810153004
5.31602670759
5.31156881967
5.30787719789
5.31525191873
5.3241203638
5.33078279131
5.33489672971
5.3369492374
5.33776711342
5.33828164906
5.33932372144
5.34144043587
5.34477252491
5.34900241487
5.35328666203
5.35555952627
5.3472767167
5.3365128095
5.32557097398
5.31478592184
5.30421609854
5.29390696006
5.28392538568
5.27435478633
5.265278931
5.25676439615
5.24884729378
5.24152713113
5.23476783692
5.22850624674
5.22267064018
5.21724217686
5.21257952992
5.20862994852
5.20525652682
5.20230222317
5.19961495506
5.19706639425
5.19456647892
5.19207183773
5.18958734914
5.18716180272
5.18487866671
5.18285517998
5.1813158515
5.18118713679
5.18808605043
5.19676377919
5.2051285387
5.21272243823
5.21938964962
5.22509096494
5.22988672785
5.23393298903
5.23746785311
5.24079092946
5.24423126608
5.2481191411
5.25274782231
5.25834797054
5.26506248293
5.27293493127
5.28190392699
5.29180563249
5.30238759214
5.31331980357
5.32420291581
5.33452169923
5.34324129272
5.34609017837
5.34745409009
5.34813899496
5.34829594901
5.34796723888
5.34718079757
5.34598290033
5.34445840686
5.34274393834
5.34103003243
5.33955064608
5.33855927378
5.33829664792
5.33895563912
5.34065208008
5.34340365691
5.34712251947
5.35161921623
5.35659126705
5.36145177193
5.36406987874
5.36120724054
5.35668548906
5.35132645535
5.34553219215
5.33964541433
5.33396316419
5.3286847184
5.32373831135
5.31912395892
5.31476279222
5.31048425737
5.3060463642
5.30116005668
5.29552047885
5.28883335872
5.28084337587
5.27135974943
5.26027365451
5.24759047192
5.23359900437
5.22002168489
5.21765780761
5.22663531541
5.23698579716
5.24734873885
5.25763421375
5.26790532676
5.27821340011
5.28856990749
5.29895176315
5.30930549587
5.31954970004
5.32958986247
5.33932506399
5.34865227281
5.357476557
5.36571810338
5.37331223283
5.38020881896
5.38637561111
5.39179620767
5.39646591241
5.40039247716
5.40359581456
5.40610087522
5.40793885743
5.40914632189
5.40976209484
5.40982646552
5.4093811327
5.4084681836
5.40712945428
5.40540647861
5.403339935
5.40096958876
5.39833379066
5.39546931122
5.39241134917
5.38919333412
5.38584691045
5.3824019104
5.3788860081
5.37532485803
5.37174221964
5.36815975581
5.36459737429
5.36107310816
5.35760325729
5.35420228574
5.35088310378
5.34765700713
5.34453392246
5.34152226043
5.33862928263
5.33586092671
5.33322198373
5.33071617915
5.32834621413
5.32611400061
5.32402056121
5.32206613982
5.32025020879
5.31857167077
5.31702897136
5.31561998875
5.31434216283
5.31319244988
5.3121675212
5.31126398267
5.31047801023
5.3098056086
5.30924280807
5.30878564412
5.30842983467
5.30817121675
5.30800565138
5.30792891885
5.30793699634
5.30802591155
5.30819175054
5.30843083947
5.30873950194
5.30911412172
5.30955147913
5.3100483512
5.31060162316
5.3112083891
5.31186577797
5.31257111207
5.3133220514
5.31411620475
5.31495118988
5.31582480079
5.3167350907
5.31768010945
5.31865797178
5.31966701463
5.32070551946
5.32177190822
5.32286465288
5.32398230377
5.32512360531
5.32628713053
5.32747142843
5.3286752067
5.32989725062
5.33113625281
5.33239089107
5.3336599426
5.33494230618
5.33623663314
5.33754164575
5.33885600235
5.34017843532
5.34150775412
5.34284267735
5.34418197575
5.34552434365
5.34686833053
5.34821255642
5.34955578213
5.3508967347
5.35223383027
5.35356567405
5.35489095616
5.35620824716
5.35751608283
5.35881299805
5.3600975971
5.36136846441
5.36262414495
5.36386315108
5.36508390522
5.3662850486
5.36746512768
5.36862278909
5.36975668194
5.37086539721
5.37194753221
5.37300173431
5.37402684488
5.37502145389
5.37598421423
5.37691381955
5.37780904869
5.37866877525
5.37949178558
5.38027697496
5.38102325069
5.3817295343
5.38239486512
5.38301819616
5.38359864194
5.38413539155
5.38462748856
5.38507411822
5.38547463872
5.38582833483
5.38613450729
5.38639246717
5.38660178339
5.38676184674
5.38687225639
5.38693278324
5.38694310573
5.38690293746
5.38681195142
5.38667002494
5.3864771768
5.38623324764
5.38593829805
5.38559245862
5.38519589774
5.38474875305
5.38425128917
5.38370394942
5.38310702238
5.38246092246
5.38176617293
5.38102335909
5.38023301739
5.37939574321
5.37851232738
5.37758370583
5.37661053983
5.37559363731
5.3745340264
5.37343275112
5.37229091891
5.37110948369
5.36988970193
5.36863276543
5.36733979498
5.36601215984
5.36465121432
5.3632582402
5.36183463616
5.36038186779
5.35890145287
5.35739492068
5.35586374231
5.35430958219
5.35273400922
5.3511386082
5.34952510808
5.34789524758
5.3462507037
5.3445931735
5.34292449858
5.34124642492
5.3395607113
5.33786917197
5.3361736035
5.33447594899
5.33277799308
5.33108157227
5.32938847909
5.32770057738
5.32601972857
5.32434774291
5.32268647487
5.32103778917
5.31940350462
5.3177854047
5.31618519946
5.31460472998
5.31304578103
5.31150999451
5.30999912191
5.30851475372
5.30705868084
5.30563242456
5.30423755697
5.30287575656
5.3015485923
5.30025751889
5.29900394511
5.29778924219
5.29661477671
5.29548187849
5.2943918037
5.29334583798
5.29234513982
5.29139085367
5.2904841181
5.28962589736
5.28881720447
5.28805892745
5.28735195302
5.28669706208
5.28609492899
5.28554628536
5.28505182578
5.2846120486
5.28422740653
5.28389837223
5.28362534377
5.28340859024
5.28324827687
5.28314458446
5.28309767916
5.28310759086
5.28317422018
5.2832975401
5.28347735373
5.28371332317
5.28400517567
5.28435255813
5.28475506093
5.28521209656
5.28572310618
5.28628750442
5.28690449764
5.28757341065
5.28829332983
5.28906330795
5.28988243463
5.29074966446
5.29166390663
5.29262396744
5.29362864226
5.29467658765
5.29576654057
5.29689713348
5.29806682236
5.29927413528
5.30051745881
5.30179530144
5.30310601432
5.30444790338
5.30581924613
5.30721818236
5.30864290504
5.31009154414
5.31156217852
5.31305281189
5.31456160722
5.31608654126
5.31762539804
5.31917624455
5.32073704541
5.32230559433
5.32387972521
5.32545732008
5.32703621739
5.32861431777
5.33018940327
5.3317591747
5.33332145886
5.33487404747
5.33641474428
5.33794131547
5.33945151829
5.34094318684
5.34241411645
5.34386215357
5.34528506032
5.34668065521
5.3480468253
5.34938143269
5.3506823324
5.35194754293
5.3531750128
5.35436267716
5.35550856457
5.35661076494
5.35766731518
5.35867643732
5.35963618769
5.36054479692
5.36140062185
5.36220192419
5.36294700817
5.36363437236
5.36426252169
5.36482991298
5.36533515819
5.36577688841
5.36615379107
5.36646472878
5.36670841593
5.36688375103
5.36698971988
5.36702537775
5.36698982401
5.36688227159
5.36670194353
5.36644819743
5.36612047489
5.36571820074
5.3652408935
5.36468823801
5.36405996279
5.36335582234
5.36257569662
5.36171963769
5.36078760815
5.35977979566
5.35869637112
5.35753752147
5.35630374145
5.35499559391
5.35361355226
5.35215804911
5.35062982317
5.3490298174
5.34735889154
5.34561792217
5.34380794307
5.34193004914
5.33998535856
5.33797517899
5.33590090051
5.33376389735
5.33156560139
5.32930767343
5.32699177226
5.32461954024
5.32219277638
5.31971332939
5.31718311424
5.31460415548
5.31197847485
5.30930820801
5.30659547119
5.30384237872
5.30105120468
5.29822430853
5.29536409546
5.29247299398
5.28955336578
5.28660775919
5.28363876146
5.28064901357
5.27764115282
5.27461778134
5.27158161344
5.26853535479
5.26548176718
5.2624236588
5.25936372821
5.25630467401
5.25324938936
5.25020070487
5.24716154119
5.2441347105
5.24112301412
5.23812931337
5.23515647454
5.23220735012
5.22928471219
5.22639139245
5.22353019585
5.22070376532
5.21791491631
5.21516638188
5.21246080419
5.20980083475
5.20718911793
5.2046282509
5.20212070605
5.19966902963
5.19727563279
5.19494295249
5.19267329831
5.19046891234
5.18833203892
5.18626479474
5.1842693634
5.18234779404
5.18050192019
5.17873365401
5.17704480947
5.17543704755
5.17391203644
5.17247125937
5.17111624322
5.16984837993
5.16866885184
5.16757882364
5.1665793388
5.16567142604
5.16485603003
5.16413392537
5.16350577057
5.16297209171
5.16253330563
5.16218975402
5.16194163842
5.16178910496
5.1617322219
5.16177087235
5.16190477431
5.16213364214
5.16245702193
5.16287431238
5.16338492878
5.16398806219
5.16468277951
5.16546823778
5.16634345549
5.16730716244
5.16835810517
5.16949496173
5.1707162738
5.17202062109
5.17340640631
5.17487196286
5.17641564408
5.17803571815
5.17973050092
5.18149813926
5.18333677801
5.18524455906
5.18721970315
5.18926032982
5.19136450153
5.19353040353
5.19575628436
5.19804028026
5.20038061382
5.20277554149
5.20522329826
5.2077220945
5.21027026224
5.21286603641
5.21550768578
5.21819341641
5.22092133821
5.22368944857
5.22649564885
5.22933762226
5.23221282741
5.23511861603
5.23805207619
5.24100974737
5.24398767169
5.24698136371
5.24998571334
5.25299478999
5.25600198545
5.25899970857
5.2619789435
5.26492941629
5.26783956783
5.27069604422
5.27348341548
5.27618395892
5.2787774891
5.28124087315
5.28354777383
5.28566823111
5.2875677972
5.28920710767
5.2905412631
5.29151924514
5.29208263771
5.29216485499
5.29169004116
5.29057176196
5.28871153268
5.28599733115
5.28230137801
5.27747841576
5.27136360652
5.26376962061
5.25448428998
5.24326735524
5.22984709588
5.21391709792
5.19513277835
5.17310682451
5.1474052088
5.11754375213
5.08298363512
5.04312692487
4.9973135198
4.94481682319
4.88484039089
4.816515974
4.73890203732
4.65097964693
4.55165634582
4.43976465616
4.31406152377
4.1732319339
4.01589075113
3.8405881398
3.64580712848
3.42996191093
3.19139683029
2.92837650076
2.63906674229
2.32150576887
1.97352006875
1.59233130082
1.17217746934
0.68897453908
