nan
nan
nan
nan
nan
nan
nan
nan
nan
nan
nan
nan
nan
nan
nan
nan
nan
nan
nan
nan
nan
nan
nan
nan
nan
nan
nan
nan
nan
nan
nan
nan
nan
nan
nan
nan
nan
nan
nan
nan
nan
nan
nan
nan
nan
nan
nan
nan
nan
nan
nan
nan
nan
nan
nan
nan
nan
nan
nan
nan
nan
nan
nan
nan
nan
nan
nan
nan
nan
nan
nan
nan
nan
nan
nan
nan
nan
nan
nan
nan
nan
nan
nan
nan
nan
nan
nan
nan
nan
nan
nan
nan
nan
nan
nan
nan
nan
nan
nan
nan
nan
nan
nan
nan
nan
nan
nan
nan
nan
nan
nan
nan
nan
nan
nan
nan
nan
nan
nan
nan
nan
nan
nan
nan
nan
nan
nan
nan
nan
nan
nan
nan
nan
nan
nan
nan
nan
nan
nan
nan
nan
nan
nan
nan
nan
nan
nan
nan
nan
nan
nan
nan
nan
nan
nan
nan
nan
nan
nan
nan
nan
nan
nan
nan
nan
nan
nan
nan
nan
nan
nan
nan
nan
nan
nan
nan
nan
nan
nan
nan
nan
nan
nan
nan
nan
nan
nan
nan
nan
nan
nan
nan
nan
nan
nan
nan
nan
nan
nan
nan
nan
nan
nan
nan
nan
nan
nan
nan
nan
nan
nan
nan
nan
nan
nan
nan
nan
nan
nan
nan
nan
nan
nan
nan
nan
nan
nan
nan
nan
nan
nan
nan
nan
nan
nan
nan
nan
nan
nan
nan
nan
nan
nan
nan
nan
nan
nan
nan
nan
nan
nan
nan
nan
nan
nan
nan
nan
nan
nan
nan
nan
nan
nan
nan
nan
nan
nan
nan
nan
nan
nan
nan
nan
nan
nan
nan
nan
nan
nan
nan
nan
nan
nan
nan
nan
nan
nan
nan
nan
nan
nan
nan
nan
nan
nan
nan
nan
nan
nan
nan
nan
nan
nan
nan
nan
nan
nan
nan
nan
nan
nan
nan
nan
nan
nan
nan
nan
nan
nan
nan
nan
nan
nan
nan
nan
nan
nan
nan
nan
nan
nan
nan
nan
nan
nan
nan
nan
nan
nan
nan
nan
nan
nan
nan
nan
nan
nan
nan
nan
nan
nan
nan
nan
nan
nan
nan
nan
nan
nan
nan
nan
nan
nan
nan
nan
nan
nan
nan
nan
nan
nan
nan
nan
nan
nan
nan
nan
nan
nan
nan
nan
nan
nan
nan
nan
nan
nan
nan
nan
nan
nan
nan
nan
nan
nan
nan
nan
nan
nan
nan
nan
nan
nan
nan
nan
nan
nan
nan
nan
nan
nan
nan
nan
nan
nan
nan
nan
nan
nan
nan
nan
nan
nan
nan
nan
nan
nan
nan
nan
nan
nan
nan
nan
nan
nan
nan
nan
nan
nan
nan
nan
nan
nan
nan
nan
nan
nan
nan
nan
nan
nan
nan
nan
nan
nan
nan
nan
nan
nan
nan
nan
nan
nan
nan
nan
nan
nan
nan
nan
nan
nan
nan
nan
nan
nan
nan
nan
nan
nan
nan
nan
nan
nan
nan
nan
nan
nan
nan
nan
nan
nan
nan
nan
nan
nan
nan
nan
nan
nan
nan
nan
nan
nan
nan
nan
nan
nan
nan
nan
nan
nan
nan
nan
nan
nan
nan
nan
nan
nan
nan
nan
nan
nan
nan
nan
nan
nan
nan
nan
nan
nan
nan
nan
nan
nan
nan
nan
nan
nan
nan
nan
nan
nan
nan
nan
nan
nan
nan
nan
nan
nan
nan
nan
nan
nan
nan
nan
nan
nan
nan
nan
nan
nan
nan
nan
nan
nan
nan
nan
nan
nan
nan
nan
nan
nan
nan
nan
nan
nan
nan
nan
nan
nan
nan
nan
nan
nan
nan
nan
nan
nan
nan
nan
nan
nan
nan
nan
nan
nan
nan
nan
nan
nan
nan
nan
nan
nan
nan
nan
nan
nan
nan
nan
nan
nan
nan
nan
nan
nan
nan
nan
nan
nan
nan
nan
nan
nan
nan
nan
nan
nan
nan
nan
nan
nan
nan
nan
nan
nan
nan
nan
nan
nan
nan
nan
nan
nan
nan
nan
nan
nan
nan
nan
nan
nan
nan
nan
nan
nan
nan
nan
nan
nan
nan
nan
nan
nan
nan
nan
nan
nan
nan
nan
nan
nan
nan
nan
nan
nan
nan
nan
nan
nan
nan
nan
nan
nan
nan
nan
nan
nan
nan
nan
nan
nan
nan
nan
nan
nan
nan
nan
nan
nan
nan
nan
nan
nan
nan
nan
nan
nan
nan
nan
nan
nan
nan
nan
nan
nan
nan
nan
5.48109403769
5.47445192702
5.46666488414
5.45758715498
5.44715389198
5.43518086366
5.42175186776
5.4068344447
5.39097292302
5.37790460097
5.36303482699
5.34931691961
5.33843331178
5.33159972322
5.32953330572
5.33207438663
nan
5.34608765502
5.35118688277
5.35735572627
5.36532605212
5.37519563095
5.38650842772
5.39830543305
5.4078683683
nan
nan
nan
nan
5.40715524893
nan
5.61460864501
5.64252102336
5.67668178656
5.70813575778
5.71336594755
nan
nan
nan
nan
nan
nan
nan
nan
nan
nan
nan
nan
nan
nan
nan
nan
nan
5.76800681331
5.76778362178
5.76974576989
5.76727231894
nan
nan
nan
nan
nan
nan
nan
nan
nan
nan
nan
5.78259062932
5.76767367517
5.74801014718
5.7271189518
5.71372778725
5.70218947885
5.69150447929
5.68141799722
5.67175139428
5.66224599074
5.65269728582
5.64298469943
5.6330598495
5.62290703717
5.61259409867
5.60230715676
5.59232065502
5.58300317498
5.57477033502
5.56800586845
5.56310605294
5.56036561015
5.55984496739
5.56133627362
5.56352775231
nan
nan
nan
nan
nan
nan
nan
nan
5.55154026615
5.54017139451
nan
nan
nan
nan
nan
5.47776065679
5.47459488383
5.47163479645
5.46778125382
5.46210929417
5.45408792859
5.44392820799
5.43560810995
5.43291158302
5.42743652158
5.4205663747
5.41502407297
5.4123037838
5.41229651194
5.41330293048
5.41197376047
5.4123759588
5.41363923509
5.41647672333
nan
nan
nan
nan
nan
nan
nan
nan
nan
nan
5.52145884837
5.49469664099
5.46477808943
nan
nan
5.38650932686
5.37197800543
nan
nan
nan
nan
nan
nan
nan
nan
nan
nan
nan
nan
nan
nan
nan
nan
nan
nan
nan
nan
nan
nan
nan
nan
nan
nan
nan
nan
nan
nan
5.43487664133
5.41488746824
5.39629076017
5.37923190572
5.36399676
nan
nan
nan
nan
nan
nan
nan
nan
nan
nan
nan
nan
nan
nan
nan
nan
nan
nan
nan
nan
nan
nan
5.3879259209
5.38147631242
5.37171134781
5.36493844725
5.36295497272
5.3634316745
5.36637767227
5.37114143949
5.37640840959
5.38083570927
5.38364989695
5.38487563112
5.38518576441
5.38544598339
5.38610639679
5.38637939825
5.38610869826
5.39840691362
5.39612456838
5.3929616235
5.38689196549
5.38025663029
5.37105285939
5.36019089206
5.34950947935
5.3704684931
5.37813550774
5.3656128794
5.35142151505
5.33769497288
5.32521068135
5.31443433977
5.30562301732
5.2989070214
5.2940782353
5.28953568609
5.28511049927
5.28096186111
5.27738844523
5.27473093813
5.27329766671
5.27336198461
5.27505016409
5.2787713544
5.28751325931
5.29794952208
5.30865276303
5.31886286015
5.32818558205
5.33649773387
5.34403157801
5.35123158425
5.35849660794
5.36527620731
nan
nan
nan
nan
nan
nan
5.65464580616
5.66630362861
5.67734138193
5.68732410913
5.69561368434
5.7012922638
5.70338982737
5.70191470101
5.70198431981
5.70705462354
nan
nan
nan
nan
5.72369839676
5.72628070258
5.72770620719
5.72761493675
5.72733937143
5.72705684375
5.72722714197
5.72788047523
5.72841874637
nan
nan
nan
nan
nan
5.69505413392
5.66886600062
5.66114343849
5.65151295906
5.6408812485
5.62948725348
5.61781232879
5.60597701506
5.59401802766
5.58194273978
5.56971156901
5.55728318991
5.5446387243
5.53170917008
5.5184423632
5.5048842787
nan
nan
nan
nan
nan
nan
5.46634580126
5.46331632583
5.41198534373
5.40838640145
5.40407041936
nan
nan
nan
nan
nan
nan
5.37912462033
5.37885893854
nan
5.38619673893
5.39200210903
5.39702535819
5.39940458613
5.39775826637
5.3914190188
5.3804324689
5.36518021142
5.35082004328
5.33620800729
5.32163599683
5.30770975096
5.29615313787
5.31878877596
5.30979042338
5.30066217957
5.29253119531
5.28482217887
5.27814657727
5.24463417099
5.23762582441
5.23083098185
5.2278686069
5.19248014805
5.19126380313
5.19014167106
5.1891649417
5.18820670556
5.18706271374
5.18569912493
5.1842137544
5.18276582207
5.18170792722
5.18141336349
5.18235040491
5.18492089536
5.1893201694
5.19553002192
5.20327706772
nan
nan
nan
nan
nan
nan
nan
nan
nan
nan
nan
nan
5.35859803818
5.33556492535
5.3189422196
5.30425964628
5.29092319118
5.27898863093
5.26948560198
5.25658492346
5.24327394201
5.23142716467
5.25993682748
5.24843268551
5.23706749234
5.22544714747
5.21698974504
5.20778916073
5.20033828762
5.19380710646
5.18748337892
5.18185146078
5.17774326158
5.17454207146
5.17269789492
5.16842911309
5.16474853233
5.19708283957
5.19551010487
5.19514949301
5.19638925623
5.19990875719
5.20438809673
5.21216810426
5.22201744816
5.23514885989
5.31835378605
5.33574350489
5.3532728092
5.37052024815
5.38832998863
5.40790979113
5.42496508535
5.44318511651
nan
5.51668263487
5.52593201136
5.53365548917
5.54434838315
5.55082268303
5.56123192999
5.56888215286
5.57753821415
5.58151092861
5.56929546432
5.57480042055
5.5802767773
5.58599014492
5.59063835598
5.5940115698
5.59954736546
5.60304168118
5.60587195605
5.6084179089
5.61190412462
5.61324134829
5.61466344573
5.61412819293
5.61430577823
5.61217773724
5.61026882766
5.60663535946
5.60231132863
5.59917918781
5.5900100109
5.58643494373
5.57752493446
5.57389635504
5.56271678533
5.55353023838
5.54848712586
5.57250950615
5.57128591858
5.56918032737
5.56784709189
5.56559028678
5.56181266942
5.55931710764
5.55456747658
5.5502209927
5.54541846613
5.53826669923
5.53177433351
5.52391560988
5.51539351938
5.50548915901
5.49767215997
5.48742885888
5.47595716183
5.4860155949
5.46472129168
nan
nan
nan
5.45966533662
5.47717607422
5.49582091419
5.51072195133
5.49268846885
5.45304309842
5.43904301222
5.42245268576
5.40049210036
5.37829013383
5.35375740507
5.3331706133
5.33699099299
5.41653200904
5.40660207937
5.39609859454
5.38135025153
5.36400261728
5.34737912729
5.3318585125
5.31785844255
5.30856900914
5.30180521526
5.29710015511
5.29946764168
5.30269598615
nan
nan
nan
5.34590096951
5.35212895642
5.35923763587
5.36679086078
5.37796463203
5.39122229597
5.46216468611
5.47482077559
5.48438909946
5.49089644014
5.49288058566
5.49287533281
5.48911664584
5.48248750834
5.5053926468
5.49709024066
5.48678906951
5.47748923782
5.4676474244
5.45828981872
5.44925031936
5.43849157249
5.44783766088
5.4371558928
5.42612405282
5.41519548603
5.40692407527
5.39450272429
nan
nan
nan
nan
nan
nan
nan
5.31796843692
5.31631898267
5.31870465549
nan
5.34069903537
5.33918065696
nan
nan
nan
nan
nan
nan
nan
nan
nan
nan
5.43762785461
5.43582334253
5.40290291919
5.3961170509
5.3893099211
5.38300915138
5.37440115239
5.36543496887
5.35043001102
5.33329301776
nan
nan
nan
nan
5.37251114642
5.34261351967
5.29817073877
5.26883559045
5.26284419102
nan
nan
nan
nan
nan
nan
nan
nan
nan
nan
nan
nan
nan
nan
nan
nan
nan
nan
nan
5.32276923498
5.31589008783
5.31237126801
5.30965900082
5.30600109583
5.30056545677
5.29531312909
5.34071998408
5.3335337422
5.31935162277
5.3022356918
5.28704084405
5.27989960593
5.28148668929
5.30997509682
5.30700370159
5.30412840489
5.30251282281
5.30628035957
5.31822601721
5.33916191215
5.36644375972
5.43996565808
5.44503860623
5.45270345586
5.46116123339
5.47107886579
5.475324558
5.48088944714
5.48944741988
5.50135520181
5.51187704651
5.51788155431
5.52839798838
5.54295981768
5.54637795224
5.55052970547
5.55217237346
5.55570746325
5.55829820381
5.59800913385
5.60387857236
5.6076147727
5.60905567539
5.60865392905
5.60574710772
5.60270030019
5.59746657578
5.59038126224
5.58406304996
5.57806134708
5.57160126337
5.5632696259
5.56206361122
nan
nan
nan
nan
nan
nan
nan
nan
nan
5.63057018953
5.62949897893
5.53799398217
5.51762479905
5.4947170811
5.4688959151
5.44254718926
5.41631394807
5.39158980425
5.44488421567
5.41781524806
5.38964361634
5.38941139476
5.37177200688
5.35011396207
5.33239695192
5.31611955103
5.30347393854
5.29609695167
5.29092347213
5.28983593094
5.29251196809
5.29748403144
5.30458934166
5.31346044664
nan
5.31426832703
nan
nan
nan
5.35844332255
5.38902457613
nan
nan
5.49167406626
5.511438989
5.51915400401
5.48489166268
5.47653517083
5.4672987765
5.45697332629
5.44844179212
5.43772868016
5.43880793952
5.43099996914
5.42193556337
5.41419905383
5.40612079408
5.39800384582
5.38881311978
5.3797899861
5.37003495831
5.35967284466
5.34910159956
nan
5.31160691982
5.30779174019
5.30285781742
5.29971786478
5.29679678197
5.29367584934
5.29206409929
5.28825397814
5.28621582873
5.28343403588
5.28158251417
5.28103441638
5.28114252507
5.28214378383
5.28578799846
5.28946003707
5.28883645966
5.29055126435
5.29074978236
5.29893970437
5.31286878367
5.33027883158
5.40435543459
5.43695513811
5.46901351249
5.50348423599
5.53670802089
5.56604551088
5.58074928649
5.59303806395
5.60269582992
5.60977195396
nan
nan
nan
nan
5.62042840383
5.62920323606
5.63416608274
5.64053449749
5.64241433219
5.64698268641
5.64972501039
5.65208351032
5.65290367713
5.6581895044
5.66209080806
5.67063441448
5.6703789317
5.66936078509
nan
nan
nan
nan
5.62685714535
5.63695016791
5.64961468517
nan
nan
5.66969178338
5.66468191734
5.64196517626
5.62138402318
5.60162267934
5.58092517466
5.58514703309
5.56253347219
5.5384384196
5.49475512705
5.47916704232
5.46002185676
5.44308095975
5.42221957981
5.40076468932
5.37906636242
5.3596640712
5.34367882196
5.33130644854
5.32433785825
5.3231872107
5.25253951065
5.2514638421
5.24986096989
5.24410821803
5.23344263317
5.1821567926
5.16472504397
5.14739897078
5.13456124757
5.12833944687
5.13092194249
5.1425195832
5.16311230242
5.28377607415
5.30040897305
5.31673093937
5.33402132267
5.3486947117
5.3421660007
5.35382638054
5.36261561501
5.36954923386
5.37376931677
5.3757572074
5.37600829846
5.37621346739
5.37478014849
5.37222656055
5.36984355823
5.36764164609
5.36455816399
5.36268320373
5.35932089592
5.35666107486
5.35290611061
5.35160610733
5.34934752078
5.34929362437
5.31080089527
5.30870558294
5.30942068444
5.31081915201
5.30878355089
5.30993131195
5.30718117799
5.30439732475
5.3014068647
5.29743650464
5.29447559716
5.29178284969
5.28978748179
5.29168309168
nan
nan
nan
5.28785651421
5.30379430631
5.31168678055
5.32622397586
5.34805703034
5.36730712275
5.38412215803
5.34244836558
5.32612499386
5.31129082932
5.29819547797
5.30604628256
5.29218292012
5.28242078197
5.26936663136
5.25972522085
5.22579793137
5.22426750666
5.22300602709
5.22240649038
5.22106650947
5.22341851872
5.22538460904
5.2294652827
5.23422294973
5.24081686031
5.24964917398
5.25934580879
5.2704437499
5.28265116759
5.29494991815
5.30773840045
5.31923259319
5.32279586094
5.33104807793
5.33391762786
5.33274128817
5.30126429285
5.29767863835
5.29493829979
5.29382398492
5.29610435614
5.30190024968
5.31182981054
5.32535044402
5.34213620221
5.36166275588
5.38335381221
5.40396673194
5.42282256894
5.43806426254
5.44851003738
5.45902107664
5.44921836553
5.43957548167
5.42780245081
5.41634651754
5.40211880197
5.38693042313
5.37209449229
5.35808078347
5.34422354222
5.33151039107
5.31960785594
5.30924752405
5.29968403434
5.29125594772
5.28412330072
5.27707227921
5.27163781875
5.2662092299
5.26119293103
5.25666620402
5.25260439104
5.24841908134
5.24455569986
5.2410551526
5.23763222769
5.23421878383
5.23099300885
5.22804382587
5.22497839194
5.22217895118
5.21975741237
5.21720115938
5.21515306269
5.21331232381
5.21185654489
5.21000380389
5.20916195474
5.2082327916
5.20772342784
5.20686367495
5.20715457023
5.20679906992
5.20643104559
5.20636330194
5.2061228591
5.20552894393
5.20673520778
5.20803389894
5.20908454691
5.20207557876
5.20197344879
5.20496169801
5.20806867703
5.21341519568
5.21956601726
5.22647787024
5.23383197341
5.24268472237
5.25175484763
5.26115405788
5.27181114483
5.2822254267
5.29332845184
5.30426799387
5.31585277793
5.32728992335
5.33892277128
5.35045575795
5.36123139419
5.37153580304
5.38168064033
5.39059213746
5.39805431546
5.40459794686
5.40945358504
5.41263303218
5.41411922468
nan
nan
nan
nan
nan
nan
nan
nan
5.32490839722
5.32843687463
5.33202394742
5.32266638876
5.32673957804
5.32944915584
5.33168068703
5.33423519436
5.33717735001
5.3380288778
5.33980976771
5.34109119204
5.34178784488
5.34395608024
5.34488611267
5.34454969454
5.34703754541
5.34772344308
5.34919059513
5.34970083184
5.34915766859
5.34991409744
5.3514741207
5.35184126402
5.35141449681
5.35166496041
5.35034082893
5.34979352575
5.34946560954
5.3483606185
5.34753367021
5.34650687801
5.34530939273
5.34361090871
5.34385034728
5.34261427235
5.34185134243
5.34177692685
5.34075767667
5.34058360192
5.3414854326
5.34258536895
5.34252462595
5.3434084453
5.3477654537
5.34879600124
5.35137009519
5.3523734968
5.35485587847
5.35854693562
5.36151793077
5.36469857468
5.36762419466
5.37644012728
5.37704034541
5.38199598923
5.38301199119
5.39241462558
5.39683210838
5.39969749777
5.40514216096
5.40996760002
5.40898546694
5.41374907869
nan
nan
nan
nan
nan
nan
5.47038729962
5.47797626995
5.48665563689
5.49916404125
5.51614865789
5.43890268839
5.43687748736
5.43530193554
5.44844678633
5.44221390911
5.43959451427
5.43500311638
5.42224182798
5.41346623012
5.40498757187
5.3989295953
5.39638963403
5.39296511085
5.39497830391
5.39840960062
5.35452300193
5.36131528633
5.36846656074
5.35796385697
5.36402906952
5.37347003255
5.38128213166
5.39262528086
5.40509124868
5.4207373863
5.43391493943
5.45010788425
5.46631942408
5.47777972406
nan
nan
nan
nan
5.49543690779
5.48419217977
5.47613062578
5.45725031132
5.43897559466
5.42073614698
5.40124663171
5.38518359375
5.36834252864
5.35362327777
5.33935884753
5.32690092512
5.31545606772
5.30307938871
5.29155353254
5.2808076203
5.26926557007
5.25805869187
5.24804560508
5.22361302921
5.21947044691
5.21488820741
5.21192642899
5.20854319577
5.20516269207
5.20077542401
5.19550778843
nan
nan
nan
nan
nan
nan
nan
nan
5.24190688146
5.23547506219
5.24325773163
5.24010898631
5.24404622548
5.25334964963
5.26860586922
5.28874445864
5.3114591364
5.33273877271
5.3512911685
5.33920344895
5.33244679507
5.32964084827
5.31963937495
5.31005631671
5.30095919688
5.29194132732
5.28407051808
5.27632632274
5.26793238747
5.25932910711
5.25094855819
5.24292090781
5.23520514064
5.22628875478
5.22788843935
5.23098789589
5.23295139381
5.23467532734
5.23808031922
5.24286658252
5.24701345129
5.25091443628
5.25651848465
5.26202386004
nan
nan
nan
nan
nan
5.30726682598
5.31277317745
5.32278549442
5.33100021267
5.34017687774
5.34667472356
5.35650828531
5.36467564699
5.37412812094
5.38408919719
5.39446051771
5.40598166841
5.41780071294
5.41713776646
5.4162473595
5.42269267654
5.43237311333
5.4428439148
5.45007004432
5.45092253268
5.46907419141
5.4694578568
5.47033250342
5.46924371888
5.47024094734
5.47126650461
5.47141208608
nan
nan
nan
nan
nan
nan
nan
nan
5.45356145829
5.4511827628
5.47878752336
nan
5.4772261365
5.47014918149
5.46359293904
5.46204526748
5.46438517437
nan
nan
nan
nan
nan
nan
nan
nan
nan
nan
0.0940269338821
nan
nan
nan
nan
nan
nan
nan
nan
nan
nan
nan
nan
nan
nan
nan
nan
nan
nan
nan
nan
nan
nan
nan
nan
nan
nan
nan
nan
5.34372434679
5.33486302687
5.32406210217
5.311804894
5.29886515991
5.2856864209
5.29782491624
5.2907886391
5.28281631882
5.27668526713
5.27347281717
5.26911519942
5.26325284944
5.26030317931
5.25581510032
5.25172325145
5.2465258097
5.2415735769
5.23648658451
5.23110662753
5.22684559442
5.22247477682
5.22026882351
5.21840165276
5.22008518894
5.22291370871
5.22850200406
5.23606558618
nan
nan
nan
nan
nan
nan
nan
nan
nan
nan
nan
nan
5.43811117802
nan
nan
nan
5.41886032611
5.41125815279
5.40482069549
5.3971214622
5.39041019999
5.38328469192
5.37525207988
5.36791643994
5.360376388
5.35249867012
5.34455995539
5.33674826212
5.32848660175
5.32053783068
5.31265169516
5.30483919948
5.29753902729
5.29019315655
5.28361270415
5.27765498452
5.272604136
5.26803053012
5.26383224281
5.26094894437
5.25884068804
5.25556394028
5.25448048448
5.25195428423
5.25110391905
5.24947463857
5.24763169138
5.24625774403
5.24456768203
5.21454365669
nan
nan
nan
nan
nan
nan
nan
nan
nan
nan
nan
nan
5.27072073048
5.27234054794
5.27101830939
5.27559212463
5.27855426289
5.28481096962
5.29254117096
5.30196295703
5.3123722559
5.32335914347
5.31255149387
5.30231048161
5.29311814572
5.28652493827
5.28523092367
5.29173231114
5.3043826117
5.25954350023
5.26076444262
5.25316372889
5.23863424837
5.22155939763
5.20999252635
nan
nan
nan
nan
nan
nan
nan
nan
nan
nan
nan
5.1153968474
5.11621202762
5.12358528482
5.15574919397
5.19041552393
5.23044685784
5.26245736057
5.27926704381
5.28014078361
5.27489671301
5.2692302732
5.26718684876
5.26667238375
5.31552568089
5.31998317617
5.32479910692
5.32822408707
5.33279943356
5.33952312029
5.34423079691
5.34982892543
5.35623700747
5.36234894639
5.36969665087
5.37572664357
nan
5.34203304298
5.33343043823
5.3238438104
5.31284031
5.29878027743
5.28745885595
nan
nan
nan
nan
nan
nan
nan
nan
nan
nan
5.19717604888
5.18799251818
5.18010085517
5.17295769787
nan
nan
nan
nan
nan
nan
nan
nan
nan
nan
nan
nan
nan
nan
nan
nan
nan
nan
nan
nan
nan
nan
nan
nan
nan
nan
nan
nan
nan
nan
nan
nan
5.38484292909
5.39455629198
5.39542441713
5.39586300874
5.39383697744
5.39222371452
5.38930972964
5.38613020537
5.3820637586
5.37750457561
5.37385534348
5.37073077795
5.36731562772
5.36524593737
5.36360886291
5.36286380971
5.36242538478
5.36173352661
5.36131897953
5.36062312291
5.35953873313
5.36857575207
5.36742842342
5.36442008998
5.36259525368
5.35863796335
5.35737239502
nan
nan
nan
nan
nan
nan
nan
nan
5.35530546603
5.35615863512
5.35657232208
5.35703859068
5.35656155222
5.35616179305
5.35527611341
5.35475574937
nan
nan
nan
nan
nan
nan
nan
nan
nan
nan
nan
nan
nan
nan
nan
nan
nan
nan
nan
nan
nan
nan
nan
nan
nan
nan
nan
nan
nan
nan
nan
nan
nan
nan
nan
nan
nan
nan
nan
nan
nan
nan
nan
nan
nan
nan
nan
nan
nan
nan
nan
nan
nan
nan
nan
nan
nan
nan
nan
nan
nan
nan
nan
nan
nan
nan
nan
nan
nan
nan
nan
nan
nan
nan
nan
nan
nan
nan
nan
nan
nan
nan
nan
nan
nan
nan
nan
nan
nan
nan
nan
nan
nan
nan
nan
nan
nan
nan
nan
nan
nan
nan
nan
nan
nan
nan
nan
nan
nan
nan
nan
nan
nan
nan
nan
nan
nan
nan
nan
nan
nan
nan
nan
nan
nan
nan
nan
nan
nan
nan
nan
nan
nan
nan
nan
nan
nan
nan
nan
nan
nan
nan
nan
nan
nan
nan
nan
nan
nan
nan
nan
nan
nan
nan
nan
nan
nan
nan
nan
nan
nan
nan
nan
nan
nan
nan
nan
nan
nan
nan
nan
nan
nan
nan
nan
nan
nan
nan
nan
nan
nan
nan
nan
nan
nan
nan
nan
nan
nan
nan
nan
nan
nan
nan
nan
nan
nan
nan
nan
nan
nan
nan
nan
nan
nan
nan
nan
nan
nan
nan
nan
nan
nan
nan
nan
nan
nan
nan
nan
nan
nan
nan
nan
nan
nan
nan
nan
nan
nan
nan
nan
nan
nan
nan
nan
nan
nan
nan
nan
nan
nan
nan
nan
nan
nan
nan
nan
nan
nan
nan
nan
nan
nan
nan
nan
nan
nan
nan
nan
nan
nan
nan
nan
nan
nan
nan
nan
nan
nan
nan
nan
nan
nan
nan
nan
nan
nan
nan
nan
nan
nan
nan
nan
nan
nan
nan
nan
nan
nan
nan
nan
nan
nan
nan
nan
nan
nan
nan
nan
nan
nan
nan
nan
nan
nan
nan
nan
nan
nan
nan
nan
nan
nan
nan
nan
nan
nan
nan
nan
nan
nan
nan
nan
nan
nan
nan
nan
nan
nan
nan
nan
nan
nan
nan
nan
nan
nan
nan
nan
nan
nan
nan
nan
nan
nan
nan
nan
nan
nan
nan
nan
nan
nan
nan
nan
nan
nan
nan
nan
nan
nan
nan
nan
nan
nan
nan
nan
nan
nan
nan
nan
nan
nan
nan
nan
nan
nan
nan
nan
nan
nan
nan
nan
nan
nan
nan
nan
nan
nan
nan
nan
nan
nan
nan
nan
nan
nan
nan
nan
nan
nan
nan
nan
nan
nan
nan
nan
nan
nan
nan
nan
nan
nan
nan
nan
nan
nan
nan
nan
nan
nan
nan
nan
nan
nan
nan
nan
nan
nan
nan
nan
nan
nan
nan
nan
nan
nan
nan
nan
nan
nan
nan
nan
nan
nan
nan
nan
nan
nan
nan
nan
nan
nan
nan
nan
nan
nan
nan
nan
nan
nan
nan
nan
nan
nan
nan
nan
nan
nan
nan
nan
nan
nan
nan
nan
nan
nan
nan
nan
nan
nan
nan
nan
nan
nan
nan
nan
nan
nan
nan
nan
nan
nan
nan
nan
nan
nan
nan
nan
nan
nan
nan
nan
nan
nan
nan
nan
nan
nan
nan
nan
nan
nan
nan
nan
nan
nan
nan
nan
nan
nan
nan
nan
nan
nan
nan
nan
nan
nan
nan
nan
nan
nan
nan
nan
nan
nan
nan
nan
nan
nan
nan
nan
nan
nan
nan
nan
nan
nan
nan
nan
nan
nan
nan
nan
nan
nan
