Beta :  2.0
tscsdj01
2777 2777
(2777,)
nan
tscsdj02
2013 2013
(2013,)
nan
tscsdj03
2163 2163
(2163,)
nan
tscsdj04
2595 2595
(2595,)
nan
tscsdj05
1969 1969
(1969,)
nan
tscsdj06
2792 2792
(2792,)
5.0933350821
tscsdj07
3253 3253
(3253,)
nan
tscsdj08
1719 1719
(1719,)
nan
tscsdj09
1678 1678
(1678,)
nan
tscsdj10
2880 2880
(2880,)
nan
tscsdj11
1739 1739
(1739,)
nan
tscsdj12
2103 2103
(2103,)
nan
tscsdj13
1791 1791
(1791,)
5.15402707336
tscsdj14
3661 3661
(3661,)
4.98959192179
tscsdj15
2455 2455
(2455,)
nan
tscsdj16
2352 2352
(2352,)
nan
tscsdj17
2843 2843
(2843,)
5.05155184711
tscsdj18
2846 2846
(2846,)
5.07790298958
tscsdj19
1788 1788
(1788,)
nan
tscsdj20
2085 2085
(2085,)
nan
tscsdj21
1337 1337
(1337,)
nan
tscsdj22
2497 2497
(2497,)
nan
tscsdj23
2988 2988
(2988,)
nan
tscsdj24
2308 2308
(2308,)
nan
tscsdj25
2045 2045
(2045,)
nan
tscsdj26
2265 2265
(2265,)
nan
tscsdj27
1924 1924
(1924,)
nan
tscsdj28
1260 1260
(1260,)
nan
tscsdj29
2698 2698
(2698,)
nan
tscsdj30
3128 3128
(3128,)
nan
tscsdj31
2385 2385
(2385,)
nan
tscsdj32
1619 1619
(1619,)
nan
tscsdj33
2878 2878
(2878,)
nan
tscsdj34
2259 2259
(2259,)
nan
tscsdj35
2043 2043
(2043,)
nan
tscsdj36
2533 2533
(2533,)
nan
tscsdj37
2883 2883
(2883,)
nan
tscsdj38
2384 2384
(2384,)
nan
tscsdj39
3332 3332
(3332,)
nan
tscsdj40
1510 1510
(1510,)
nan
tscsdj41
2296 2296
(2296,)
nan
tscsdj42
1681 1681
(1681,)
5.06112602012
tscsdj43
3401 3401
(3401,)
5.09374617572
tscsdj44
2190 2190
(2190,)
nan
tscsdj45
2739 2739
(2739,)
nan
tscsdj46
2294 2294
(2294,)
nan
tscsdj47
1779 1779
(1779,)
nan
tscsdj48
2652 2652
(2652,)
nan
tscsdj49
3858 3858
(3858,)
5.0685386354
tscsdj50
2014 2014
(2014,)
nan
Beta :  2.1
tscsdj01
2777 2777
(2777,)
nan
tscsdj02
2013 2013
(2013,)
nan
tscsdj03
2163 2163
(2163,)
nan
tscsdj04
2595 2595
(2595,)
nan
tscsdj05
1969 1969
(1969,)
nan
tscsdj06
2792 2792
(2792,)
5.09189353974
tscsdj07
3253 3253
(3253,)
nan
tscsdj08
1719 1719
(1719,)
nan
tscsdj09
1678 1678
(1678,)
nan
tscsdj10
2880 2880
(2880,)
nan
tscsdj11
1739 1739
(1739,)
nan
tscsdj12
2103 2103
(2103,)
nan
tscsdj13
1791 1791
(1791,)
5.15255170303
tscsdj14
3661 3661
(3661,)
4.98959244403
tscsdj15
2455 2455
(2455,)
nan
tscsdj16
2352 2352
(2352,)
nan
tscsdj17
2843 2843
(2843,)
5.05049793439
tscsdj18
2846 2846
(2846,)
5.07640438962
tscsdj19
1788 1788
(1788,)
nan
tscsdj20
2085 2085
(2085,)
nan
tscsdj21
1337 1337
(1337,)
nan
tscsdj22
2497 2497
(2497,)
nan
tscsdj23
2988 2988
(2988,)
nan
tscsdj24
2308 2308
(2308,)
nan
tscsdj25
2045 2045
(2045,)
nan
tscsdj26
2265 2265
(2265,)
nan
tscsdj27
1924 1924
(1924,)
nan
tscsdj28
1260 1260
(1260,)
nan
tscsdj29
2698 2698
(2698,)
nan
tscsdj30
3128 3128
(3128,)
nan
tscsdj31
2385 2385
(2385,)
nan
tscsdj32
1619 1619
(1619,)
nan
tscsdj33
2878 2878
(2878,)
nan
tscsdj34
2259 2259
(2259,)
nan
tscsdj35
2043 2043
(2043,)
nan
tscsdj36
2533 2533
(2533,)
nan
tscsdj37
2883 2883
(2883,)
nan
tscsdj38
2384 2384
(2384,)
nan
tscsdj39
3332 3332
(3332,)
nan
tscsdj40
1510 1510
(1510,)
nan
tscsdj41
2296 2296
(2296,)
nan
tscsdj42
1681 1681
(1681,)
5.06112690042
tscsdj43
3401 3401
(3401,)
5.09340402091
tscsdj44
2190 2190
(2190,)
nan
tscsdj45
2739 2739
(2739,)
nan
tscsdj46
2294 2294
(2294,)
nan
tscsdj47
1779 1779
(1779,)
nan
tscsdj48
2652 2652
(2652,)
nan
tscsdj49
3858 3858
(3858,)
5.06897619608
tscsdj50
2014 2014
(2014,)
nan
Beta :  2.2
tscsdj01
2777 2777
(2777,)
nan
tscsdj02
2013 2013
(2013,)
nan
tscsdj03
2163 2163
(2163,)
nan
tscsdj04
2595 2595
(2595,)
nan
tscsdj05
1969 1969
(1969,)
nan
tscsdj06
2792 2792
(2792,)
5.09053254519
tscsdj07
3253 3253
(3253,)
nan
tscsdj08
1719 1719
(1719,)
nan
tscsdj09
1678 1678
(1678,)
nan
tscsdj10
2880 2880
(2880,)
nan
tscsdj11
1739 1739
(1739,)
nan
tscsdj12
2103 2103
(2103,)
nan
tscsdj13
1791 1791
(1791,)
5.15111361769
tscsdj14
3661 3661
(3661,)
4.9895929455
tscsdj15
2455 2455
(2455,)
nan
tscsdj16
2352 2352
(2352,)
nan
tscsdj17
2843 2843
(2843,)
5.04951099677
tscsdj18
2846 2846
(2846,)
5.0750095205
tscsdj19
1788 1788
(1788,)
nan
tscsdj20
2085 2085
(2085,)
nan
tscsdj21
1337 1337
(1337,)
nan
tscsdj22
2497 2497
(2497,)
nan
tscsdj23
2988 2988
(2988,)
nan
tscsdj24
2308 2308
(2308,)
nan
tscsdj25
2045 2045
(2045,)
nan
tscsdj26
2265 2265
(2265,)
nan
tscsdj27
1924 1924
(1924,)
nan
tscsdj28
1260 1260
(1260,)
nan
tscsdj29
2698 2698
(2698,)
nan
tscsdj30
3128 3128
(3128,)
nan
tscsdj31
2385 2385
(2385,)
nan
tscsdj32
1619 1619
(1619,)
nan
tscsdj33
2878 2878
(2878,)
nan
tscsdj34
2259 2259
(2259,)
nan
tscsdj35
2043 2043
(2043,)
nan
tscsdj36
2533 2533
(2533,)
nan
tscsdj37
2883 2883
(2883,)
nan
tscsdj38
2384 2384
(2384,)
nan
tscsdj39
3332 3332
(3332,)
nan
tscsdj40
1510 1510
(1510,)
nan
tscsdj41
2296 2296
(2296,)
nan
tscsdj42
1681 1681
(1681,)
5.06112774229
tscsdj43
3401 3401
(3401,)
5.09308100634
tscsdj44
2190 2190
(2190,)
nan
tscsdj45
2739 2739
(2739,)
nan
tscsdj46
2294 2294
(2294,)
nan
tscsdj47
1779 1779
(1779,)
nan
tscsdj48
2652 2652
(2652,)
nan
tscsdj49
3858 3858
(3858,)
5.06939697739
tscsdj50
2014 2014
(2014,)
nan
Beta :  2.3
tscsdj01
2777 2777
(2777,)
nan
tscsdj02
2013 2013
(2013,)
nan
tscsdj03
2163 2163
(2163,)
nan
tscsdj04
2595 2595
(2595,)
nan
tscsdj05
1969 1969
(1969,)
nan
tscsdj06
2792 2792
(2792,)
5.08924538759
tscsdj07
3253 3253
(3253,)
nan
tscsdj08
1719 1719
(1719,)
nan
tscsdj09
1678 1678
(1678,)
nan
tscsdj10
2880 2880
(2880,)
nan
tscsdj11
1739 1739
(1739,)
nan
tscsdj12
2103 2103
(2103,)
nan
tscsdj13
1791 1791
(1791,)
5.14971037067
tscsdj14
3661 3661
(3661,)
4.98959342848
tscsdj15
2455 2455
(2455,)
nan
tscsdj16
2352 2352
(2352,)
nan
tscsdj17
2843 2843
(2843,)
5.04858539865
tscsdj18
2846 2846
(2846,)
5.07370978959
tscsdj19
1788 1788
(1788,)
nan
tscsdj20
2085 2085
(2085,)
nan
tscsdj21
1337 1337
(1337,)
nan
tscsdj22
2497 2497
(2497,)
nan
tscsdj23
2988 2988
(2988,)
nan
tscsdj24
2308 2308
(2308,)
nan
tscsdj25
2045 2045
(2045,)
nan
tscsdj26
2265 2265
(2265,)
nan
tscsdj27
1924 1924
(1924,)
nan
tscsdj28
1260 1260
(1260,)
nan
tscsdj29
2698 2698
(2698,)
nan
tscsdj30
3128 3128
(3128,)
nan
tscsdj31
2385 2385
(2385,)
nan
tscsdj32
1619 1619
(1619,)
nan
tscsdj33
2878 2878
(2878,)
nan
tscsdj34
2259 2259
(2259,)
nan
tscsdj35
2043 2043
(2043,)
nan
tscsdj36
2533 2533
(2533,)
nan
tscsdj37
2883 2883
(2883,)
nan
tscsdj38
2384 2384
(2384,)
nan
tscsdj39
3332 3332
(3332,)
nan
tscsdj40
1510 1510
(1510,)
nan
tscsdj41
2296 2296
(2296,)
nan
tscsdj42
1681 1681
(1681,)
5.06112854808
tscsdj43
3401 3401
(3401,)
5.09277567974
tscsdj44
2190 2190
(2190,)
nan
tscsdj45
2739 2739
(2739,)
nan
tscsdj46
2294 2294
(2294,)
nan
tscsdj47
1779 1779
(1779,)
nan
tscsdj48
2652 2652
(2652,)
nan
tscsdj49
3858 3858
(3858,)
5.06980203391
tscsdj50
2014 2014
(2014,)
nan
Beta :  2.4
tscsdj01
2777 2777
(2777,)
nan
tscsdj02
2013 2013
(2013,)
nan
tscsdj03
2163 2163
(2163,)
nan
tscsdj04
2595 2595
(2595,)
nan
tscsdj05
1969 1969
(1969,)
nan
tscsdj06
2792 2792
(2792,)
5.08802613122
tscsdj07
3253 3253
(3253,)
nan
tscsdj08
1719 1719
(1719,)
nan
tscsdj09
1678 1678
(1678,)
nan
tscsdj10
2880 2880
(2880,)
nan
tscsdj11
1739 1739
(1739,)
nan
tscsdj12
2103 2103
(2103,)
nan
tscsdj13
1791 1791
(1791,)
5.14833976845
tscsdj14
3661 3661
(3661,)
4.98959389499
tscsdj15
2455 2455
(2455,)
nan
tscsdj16
2352 2352
(2352,)
nan
tscsdj17
2843 2843
(2843,)
5.04771612968
tscsdj18
2846 2846
(2846,)
5.07249752811
tscsdj19
1788 1788
(1788,)
nan
tscsdj20
2085 2085
(2085,)
nan
tscsdj21
1337 1337
(1337,)
nan
tscsdj22
2497 2497
(2497,)
nan
tscsdj23
2988 2988
(2988,)
nan
tscsdj24
2308 2308
(2308,)
nan
tscsdj25
2045 2045
(2045,)
nan
tscsdj26
2265 2265
(2265,)
nan
tscsdj27
1924 1924
(1924,)
nan
tscsdj28
1260 1260
(1260,)
nan
tscsdj29
2698 2698
(2698,)
nan
tscsdj30
3128 3128
(3128,)
nan
tscsdj31
2385 2385
(2385,)
nan
tscsdj32
1619 1619
(1619,)
nan
tscsdj33
2878 2878
(2878,)
nan
tscsdj34
2259 2259
(2259,)
nan
tscsdj35
2043 2043
(2043,)
nan
tscsdj36
2533 2533
(2533,)
nan
tscsdj37
2883 2883
(2883,)
nan
tscsdj38
2384 2384
(2384,)
nan
tscsdj39
3332 3332
(3332,)
nan
tscsdj40
1510 1510
(1510,)
nan
tscsdj41
2296 2296
(2296,)
nan
tscsdj42
1681 1681
(1681,)
5.06112931999
tscsdj43
3401 3401
(3401,)
5.0924867419
tscsdj44
2190 2190
(2190,)
nan
tscsdj45
2739 2739
(2739,)
nan
tscsdj46
2294 2294
(2294,)
nan
tscsdj47
1779 1779
(1779,)
nan
tscsdj48
2652 2652
(2652,)
nan
tscsdj49
3858 3858
(3858,)
5.07019232916
tscsdj50
2014 2014
(2014,)
nan
Beta :  2.5
tscsdj01
2777 2777
(2777,)
nan
tscsdj02
2013 2013
(2013,)
nan
tscsdj03
2163 2163
(2163,)
nan
tscsdj04
2595 2595
(2595,)
nan
tscsdj05
1969 1969
(1969,)
nan
tscsdj06
2792 2792
(2792,)
5.08686950051
tscsdj07
3253 3253
(3253,)
nan
tscsdj08
1719 1719
(1719,)
nan
tscsdj09
1678 1678
(1678,)
nan
tscsdj10
2880 2880
(2880,)
nan
tscsdj11
1739 1739
(1739,)
nan
tscsdj12
2103 2103
(2103,)
nan
tscsdj13
1791 1791
(1791,)
5.14699983669
tscsdj14
3661 3661
(3661,)
4.98959434686
tscsdj15
2455 2455
(2455,)
nan
tscsdj16
2352 2352
(2352,)
nan
tscsdj17
2843 2843
(2843,)
5.04689871721
tscsdj18
2846 2846
(2846,)
5.07136586596
tscsdj19
1788 1788
(1788,)
nan
tscsdj20
2085 2085
(2085,)
nan
tscsdj21
1337 1337
(1337,)
nan
tscsdj22
2497 2497
(2497,)
nan
tscsdj23
2988 2988
(2988,)
nan
tscsdj24
2308 2308
(2308,)
nan
tscsdj25
2045 2045
(2045,)
nan
tscsdj26
2265 2265
(2265,)
nan
tscsdj27
1924 1924
(1924,)
nan
tscsdj28
1260 1260
(1260,)
nan
tscsdj29
2698 2698
(2698,)
nan
tscsdj30
3128 3128
(3128,)
nan
tscsdj31
2385 2385
(2385,)
nan
tscsdj32
1619 1619
(1619,)
nan
tscsdj33
2878 2878
(2878,)
nan
tscsdj34
2259 2259
(2259,)
nan
tscsdj35
2043 2043
(2043,)
nan
tscsdj36
2533 2533
(2533,)
nan
tscsdj37
2883 2883
(2883,)
nan
tscsdj38
2384 2384
(2384,)
nan
tscsdj39
3332 3332
(3332,)
nan
tscsdj40
1510 1510
(1510,)
nan
tscsdj41
2296 2296
(2296,)
nan
tscsdj42
1681 1681
(1681,)
5.06113006005
tscsdj43
3401 3401
(3401,)
5.09221302564
tscsdj44
2190 2190
(2190,)
nan
tscsdj45
2739 2739
(2739,)
nan
tscsdj46
2294 2294
(2294,)
nan
tscsdj47
1779 1779
(1779,)
nan
tscsdj48
2652 2652
(2652,)
nan
tscsdj49
3858 3858
(3858,)
5.07056874501
tscsdj50
2014 2014
(2014,)
nan
Beta :  2.6
tscsdj01
2777 2777
(2777,)
nan
tscsdj02
2013 2013
(2013,)
nan
tscsdj03
2163 2163
(2163,)
nan
tscsdj04
2595 2595
(2595,)
nan
tscsdj05
1969 1969
(1969,)
nan
tscsdj06
2792 2792
(2792,)
5.08577078572
tscsdj07
3253 3253
(3253,)
nan
tscsdj08
1719 1719
(1719,)
nan
tscsdj09
1678 1678
(1678,)
nan
tscsdj10
2880 2880
(2880,)
nan
tscsdj11
1739 1739
(1739,)
nan
tscsdj12
2103 2103
(2103,)
nan
tscsdj13
1791 1791
(1791,)
5.14568879181
tscsdj14
3661 3661
(3661,)
4.9895947857
tscsdj15
2455 2455
(2455,)
nan
tscsdj16
2352 2352
(2352,)
nan
tscsdj17
2843 2843
(2843,)
5.04612915365
tscsdj18
2846 2846
(2846,)
5.07030862709
tscsdj19
1788 1788
(1788,)
nan
tscsdj20
2085 2085
(2085,)
nan
tscsdj21
1337 1337
(1337,)
nan
tscsdj22
2497 2497
(2497,)
nan
tscsdj23
2988 2988
(2988,)
nan
tscsdj24
2308 2308
(2308,)
nan
tscsdj25
2045 2045
(2045,)
nan
tscsdj26
2265 2265
(2265,)
nan
tscsdj27
1924 1924
(1924,)
nan
tscsdj28
1260 1260
(1260,)
nan
tscsdj29
2698 2698
(2698,)
nan
tscsdj30
3128 3128
(3128,)
nan
tscsdj31
2385 2385
(2385,)
nan
tscsdj32
1619 1619
(1619,)
nan
tscsdj33
2878 2878
(2878,)
nan
tscsdj34
2259 2259
(2259,)
nan
tscsdj35
2043 2043
(2043,)
nan
tscsdj36
2533 2533
(2533,)
nan
tscsdj37
2883 2883
(2883,)
nan
tscsdj38
2384 2384
(2384,)
nan
tscsdj39
3332 3332
(3332,)
nan
tscsdj40
1510 1510
(1510,)
nan
tscsdj41
2296 2296
(2296,)
nan
tscsdj42
1681 1681
(1681,)
5.06113077011
tscsdj43
3401 3401
(3401,)
5.09195347836
tscsdj44
2190 2190
(2190,)
nan
tscsdj45
2739 2739
(2739,)
nan
tscsdj46
2294 2294
(2294,)
nan
tscsdj47
1779 1779
(1779,)
nan
tscsdj48
2652 2652
(2652,)
nan
tscsdj49
3858 3858
(3858,)
5.07093209015
tscsdj50
2014 2014
(2014,)
nan
Beta :  2.7
tscsdj01
2777 2777
(2777,)
nan
tscsdj02
2013 2013
(2013,)
nan
tscsdj03
2163 2163
(2163,)
nan
tscsdj04
2595 2595
(2595,)
nan
tscsdj05
1969 1969
(1969,)
nan
tscsdj06
2792 2792
(2792,)
5.08472576495
tscsdj07
3253 3253
(3253,)
nan
tscsdj08
1719 1719
(1719,)
nan
tscsdj09
1678 1678
(1678,)
nan
tscsdj10
2880 2880
(2880,)
nan
tscsdj11
1739 1739
(1739,)
nan
tscsdj12
2103 2103
(2103,)
nan
tscsdj13
1791 1791
(1791,)
5.14440501696
tscsdj14
3661 3661
(3661,)
4.98959521297
tscsdj15
2455 2455
(2455,)
nan
tscsdj16
2352 2352
(2352,)
nan
tscsdj17
2843 2843
(2843,)
5.04540383574
tscsdj18
2846 2846
(2846,)
5.06932024156
tscsdj19
1788 1788
(1788,)
nan
tscsdj20
2085 2085
(2085,)
nan
tscsdj21
1337 1337
(1337,)
nan
tscsdj22
2497 2497
(2497,)
nan
tscsdj23
2988 2988
(2988,)
nan
tscsdj24
2308 2308
(2308,)
nan
tscsdj25
2045 2045
(2045,)
nan
tscsdj26
2265 2265
(2265,)
nan
tscsdj27
1924 1924
(1924,)
nan
tscsdj28
1260 1260
(1260,)
nan
tscsdj29
2698 2698
(2698,)
nan
tscsdj30
3128 3128
(3128,)
nan
tscsdj31
2385 2385
(2385,)
nan
tscsdj32
1619 1619
(1619,)
nan
tscsdj33
2878 2878
(2878,)
nan
tscsdj34
2259 2259
(2259,)
nan
tscsdj35
2043 2043
(2043,)
nan
tscsdj36
2533 2533
(2533,)
nan
tscsdj37
2883 2883
(2883,)
nan
tscsdj38
2384 2384
(2384,)
nan
tscsdj39
3332 3332
(3332,)
nan
tscsdj40
1510 1510
(1510,)
nan
tscsdj41
2296 2296
(2296,)
nan
tscsdj42
1681 1681
(1681,)
5.06113145192
tscsdj43
3401 3401
(3401,)
5.09170714735
tscsdj44
2190 2190
(2190,)
nan
tscsdj45
2739 2739
(2739,)
nan
tscsdj46
2294 2294
(2294,)
nan
tscsdj47
1779 1779
(1779,)
nan
tscsdj48
2652 2652
(2652,)
nan
tscsdj49
3858 3858
(3858,)
5.07128310762
tscsdj50
2014 2014
(2014,)
nan
Beta :  2.8
tscsdj01
2777 2777
(2777,)
nan
tscsdj02
2013 2013
(2013,)
nan
tscsdj03
2163 2163
(2163,)
nan
tscsdj04
2595 2595
(2595,)
nan
tscsdj05
1969 1969
(1969,)
nan
tscsdj06
2792 2792
(2792,)
5.08373063934
tscsdj07
3253 3253
(3253,)
nan
tscsdj08
1719 1719
(1719,)
nan
tscsdj09
1678 1678
(1678,)
nan
tscsdj10
2880 2880
(2880,)
nan
tscsdj11
1739 1739
(1739,)
nan
tscsdj12
2103 2103
(2103,)
nan
tscsdj13
1791 1791
(1791,)
5.14314704164
tscsdj14
3661 3661
(3661,)
4.98959562997
tscsdj15
2455 2455
(2455,)
nan
tscsdj16
2352 2352
(2352,)
nan
tscsdj17
2843 2843
(2843,)
5.04471951335
tscsdj18
2846 2846
(2846,)
5.06839567117
tscsdj19
1788 1788
(1788,)
nan
tscsdj20
2085 2085
(2085,)
nan
tscsdj21
1337 1337
(1337,)
nan
tscsdj22
2497 2497
(2497,)
nan
tscsdj23
2988 2988
(2988,)
nan
tscsdj24
2308 2308
(2308,)
nan
tscsdj25
2045 2045
(2045,)
nan
tscsdj26
2265 2265
(2265,)
nan
tscsdj27
1924 1924
(1924,)
nan
tscsdj28
1260 1260
(1260,)
nan
tscsdj29
2698 2698
(2698,)
nan
tscsdj30
3128 3128
(3128,)
nan
tscsdj31
2385 2385
(2385,)
nan
tscsdj32
1619 1619
(1619,)
nan
tscsdj33
2878 2878
(2878,)
nan
tscsdj34
2259 2259
(2259,)
nan
tscsdj35
2043 2043
(2043,)
nan
tscsdj36
2533 2533
(2533,)
nan
tscsdj37
2883 2883
(2883,)
nan
tscsdj38
2384 2384
(2384,)
nan
tscsdj39
3332 3332
(3332,)
nan
tscsdj40
1510 1510
(1510,)
nan
tscsdj41
2296 2296
(2296,)
nan
tscsdj42
1681 1681
(1681,)
5.06113210705
tscsdj43
3401 3401
(3401,)
5.09147316751
tscsdj44
2190 2190
(2190,)
nan
tscsdj45
2739 2739
(2739,)
nan
tscsdj46
2294 2294
(2294,)
nan
tscsdj47
1779 1779
(1779,)
nan
tscsdj48
2652 2652
(2652,)
nan
tscsdj49
3858 3858
(3858,)
5.07162248142
tscsdj50
2014 2014
(2014,)
nan
Beta :  2.9
tscsdj01
2777 2777
(2777,)
nan
tscsdj02
2013 2013
(2013,)
nan
tscsdj03
2163 2163
(2163,)
nan
tscsdj04
2595 2595
(2595,)
nan
tscsdj05
1969 1969
(1969,)
nan
tscsdj06
2792 2792
(2792,)
5.0827819786
tscsdj07
3253 3253
(3253,)
nan
tscsdj08
1719 1719
(1719,)
nan
tscsdj09
1678 1678
(1678,)
nan
tscsdj10
2880 2880
(2880,)
nan
tscsdj11
1739 1739
(1739,)
nan
tscsdj12
2103 2103
(2103,)
nan
tscsdj13
1791 1791
(1791,)
5.14191352433
tscsdj14
3661 3661
(3661,)
4.98959603785
tscsdj15
2455 2455
(2455,)
nan
tscsdj16
2352 2352
(2352,)
nan
tscsdj17
2843 2843
(2843,)
5.04407324616
tscsdj18
2846 2846
(2846,)
5.06753034605
tscsdj19
1788 1788
(1788,)
nan
tscsdj20
2085 2085
(2085,)
nan
tscsdj21
1337 1337
(1337,)
nan
tscsdj22
2497 2497
(2497,)
nan
tscsdj23
2988 2988
(2988,)
nan
tscsdj24
2308 2308
(2308,)
nan
tscsdj25
2045 2045
(2045,)
nan
tscsdj26
2265 2265
(2265,)
nan
tscsdj27
1924 1924
(1924,)
nan
tscsdj28
1260 1260
(1260,)
nan
tscsdj29
2698 2698
(2698,)
nan
tscsdj30
3128 3128
(3128,)
nan
tscsdj31
2385 2385
(2385,)
nan
tscsdj32
1619 1619
(1619,)
nan
tscsdj33
2878 2878
(2878,)
nan
tscsdj34
2259 2259
(2259,)
nan
tscsdj35
2043 2043
(2043,)
nan
tscsdj36
2533 2533
(2533,)
nan
tscsdj37
2883 2883
(2883,)
nan
tscsdj38
2384 2384
(2384,)
nan
tscsdj39
3332 3332
(3332,)
nan
tscsdj40
1510 1510
(1510,)
nan
tscsdj41
2296 2296
(2296,)
nan
tscsdj42
1681 1681
(1681,)
5.061132737
tscsdj43
3401 3401
(3401,)
5.09125075089
tscsdj44
2190 2190
(2190,)
nan
tscsdj45
2739 2739
(2739,)
nan
tscsdj46
2294 2294
(2294,)
nan
tscsdj47
1779 1779
(1779,)
nan
tscsdj48
2652 2652
(2652,)
nan
tscsdj49
3858 3858
(3858,)
5.07195084241
tscsdj50
2014 2014
(2014,)
nan
Beta :  3.0
tscsdj01
2777 2777
(2777,)
nan
tscsdj02
2013 2013
(2013,)
nan
tscsdj03
2163 2163
(2163,)
nan
tscsdj04
2595 2595
(2595,)
nan
tscsdj05
1969 1969
(1969,)
nan
tscsdj06
2792 2792
(2792,)
5.08187667521
tscsdj07
3253 3253
(3253,)
nan
tscsdj08
1719 1719
(1719,)
nan
tscsdj09
1678 1678
(1678,)
nan
tscsdj10
2880 2880
(2880,)
nan
tscsdj11
1739 1739
(1739,)
nan
tscsdj12
2103 2103
(2103,)
nan
tscsdj13
1791 1791
(1791,)
5.14070323765
tscsdj14
3661 3661
(3661,)
4.98959643766
tscsdj15
2455 2455
(2455,)
nan
tscsdj16
2352 2352
(2352,)
nan
tscsdj17
2843 2843
(2843,)
5.04346236678
tscsdj18
2846 2846
(2846,)
5.06672011044
tscsdj19
1788 1788
(1788,)
nan
tscsdj20
2085 2085
(2085,)
nan
tscsdj21
1337 1337
(1337,)
nan
tscsdj22
2497 2497
(2497,)
nan
tscsdj23
2988 2988
(2988,)
nan
tscsdj24
2308 2308
(2308,)
nan
tscsdj25
2045 2045
(2045,)
nan
tscsdj26
2265 2265
(2265,)
nan
tscsdj27
1924 1924
(1924,)
nan
tscsdj28
1260 1260
(1260,)
nan
tscsdj29
2698 2698
(2698,)
nan
tscsdj30
3128 3128
(3128,)
nan
tscsdj31
2385 2385
(2385,)
nan
tscsdj32
1619 1619
(1619,)
nan
tscsdj33
2878 2878
(2878,)
nan
tscsdj34
2259 2259
(2259,)
nan
tscsdj35
2043 2043
(2043,)
nan
tscsdj36
2533 2533
(2533,)
nan
tscsdj37
2883 2883
(2883,)
nan
tscsdj38
2384 2384
(2384,)
nan
tscsdj39
3332 3332
(3332,)
nan
tscsdj40
1510 1510
(1510,)
nan
tscsdj41
2296 2296
(2296,)
nan
tscsdj42
1681 1681
(1681,)
5.06113334315
tscsdj43
3401 3401
(3401,)
5.09103917772
tscsdj44
2190 2190
(2190,)
nan
tscsdj45
2739 2739
(2739,)
nan
tscsdj46
2294 2294
(2294,)
nan
tscsdj47
1779 1779
(1779,)
nan
tscsdj48
2652 2652
(2652,)
nan
tscsdj49
3858 3858
(3858,)
5.07226877356
tscsdj50
2014 2014
(2014,)
nan
Beta :  3.1
tscsdj01
2777 2777
(2777,)
nan
tscsdj02
2013 2013
(2013,)
nan
tscsdj03
2163 2163
(2163,)
nan
tscsdj04
2595 2595
(2595,)
nan
tscsdj05
1969 1969
(1969,)
nan
tscsdj06
2792 2792
(2792,)
5.08101190545
tscsdj07
3253 3253
(3253,)
nan
tscsdj08
1719 1719
(1719,)
nan
tscsdj09
1678 1678
(1678,)
nan
tscsdj10
2880 2880
(2880,)
nan
tscsdj11
1739 1739
(1739,)
nan
tscsdj12
2103 2103
(2103,)
nan
tscsdj13
1791 1791
(1791,)
5.13951505554
tscsdj14
3661 3661
(3661,)
4.98959683031
tscsdj15
2455 2455
(2455,)
nan
tscsdj16
2352 2352
(2352,)
nan
tscsdj17
2843 2843
(2843,)
5.0428844491
tscsdj18
2846 2846
(2846,)
5.06596117611
tscsdj19
1788 1788
(1788,)
nan
tscsdj20
2085 2085
(2085,)
nan
tscsdj21
1337 1337
(1337,)
nan
tscsdj22
2497 2497
(2497,)
nan
tscsdj23
2988 2988
(2988,)
nan
tscsdj24
2308 2308
(2308,)
nan
tscsdj25
2045 2045
(2045,)
nan
tscsdj26
2265 2265
(2265,)
nan
tscsdj27
1924 1924
(1924,)
nan
tscsdj28
1260 1260
(1260,)
nan
tscsdj29
2698 2698
(2698,)
nan
tscsdj30
3128 3128
(3128,)
nan
tscsdj31
2385 2385
(2385,)
nan
tscsdj32
1619 1619
(1619,)
nan
tscsdj33
2878 2878
(2878,)
nan
tscsdj34
2259 2259
(2259,)
nan
tscsdj35
2043 2043
(2043,)
nan
tscsdj36
2533 2533
(2533,)
nan
tscsdj37
2883 2883
(2883,)
nan
tscsdj38
2384 2384
(2384,)
nan
tscsdj39
3332 3332
(3332,)
nan
tscsdj40
1510 1510
(1510,)
nan
tscsdj41
2296 2296
(2296,)
nan
tscsdj42
1681 1681
(1681,)
5.06113392676
tscsdj43
3401 3401
(3401,)
5.09083778883
tscsdj44
2190 2190
(2190,)
nan
tscsdj45
2739 2739
(2739,)
nan
tscsdj46
2294 2294
(2294,)
nan
tscsdj47
1779 1779
(1779,)
nan
tscsdj48
2652 2652
(2652,)
nan
tscsdj49
3858 3858
(3858,)
5.07257681452
tscsdj50
2014 2014
(2014,)
nan
Beta :  3.2
tscsdj01
2777 2777
(2777,)
nan
tscsdj02
2013 2013
(2013,)
nan
tscsdj03
2163 2163
(2163,)
nan
tscsdj04
2595 2595
(2595,)
nan
tscsdj05
1969 1969
(1969,)
nan
tscsdj06
2792 2792
(2792,)
5.08018509621
tscsdj07
3253 3253
(3253,)
nan
tscsdj08
1719 1719
(1719,)
nan
tscsdj09
1678 1678
(1678,)
nan
tscsdj10
2880 2880
(2880,)
nan
tscsdj11
1739 1739
(1739,)
nan
tscsdj12
2103 2103
(2103,)
nan
tscsdj13
1791 1791
(1791,)
5.13834794219
tscsdj14
3661 3661
(3661,)
4.98959721663
tscsdj15
2455 2455
(2455,)
nan
tscsdj16
2352 2352
(2352,)
nan
tscsdj17
2843 2843
(2843,)
5.04233728112
tscsdj18
2846 2846
(2846,)
5.06525008199
tscsdj19
1788 1788
(1788,)
nan
tscsdj20
2085 2085
(2085,)
nan
tscsdj21
1337 1337
(1337,)
nan
tscsdj22
2497 2497
(2497,)
nan
tscsdj23
2988 2988
(2988,)
nan
tscsdj24
2308 2308
(2308,)
nan
tscsdj25
2045 2045
(2045,)
nan
tscsdj26
2265 2265
(2265,)
nan
tscsdj27
1924 1924
(1924,)
nan
tscsdj28
1260 1260
(1260,)
nan
tscsdj29
2698 2698
(2698,)
nan
tscsdj30
3128 3128
(3128,)
nan
tscsdj31
2385 2385
(2385,)
nan
tscsdj32
1619 1619
(1619,)
nan
tscsdj33
2878 2878
(2878,)
nan
tscsdj34
2259 2259
(2259,)
nan
tscsdj35
2043 2043
(2043,)
nan
tscsdj36
2533 2533
(2533,)
nan
tscsdj37
2883 2883
(2883,)
nan
tscsdj38
2384 2384
(2384,)
nan
tscsdj39
3332 3332
(3332,)
nan
tscsdj40
1510 1510
(1510,)
nan
tscsdj41
2296 2296
(2296,)
nan
tscsdj42
1681 1681
(1681,)
5.06113448904
tscsdj43
3401 3401
(3401,)
5.09064597902
tscsdj44
2190 2190
(2190,)
nan
tscsdj45
2739 2739
(2739,)
nan
tscsdj46
2294 2294
(2294,)
nan
tscsdj47
1779 1779
(1779,)
nan
tscsdj48
2652 2652
(2652,)
nan
tscsdj49
3858 3858
(3858,)
5.07287546573
tscsdj50
2014 2014
(2014,)
nan
Beta :  3.3
tscsdj01
2777 2777
(2777,)
nan
tscsdj02
2013 2013
(2013,)
nan
tscsdj03
2163 2163
(2163,)
nan
tscsdj04
2595 2595
(2595,)
nan
tscsdj05
1969 1969
(1969,)
nan
tscsdj06
2792 2792
(2792,)
5.07938629634
tscsdj07
3253 3253
(3253,)
nan
tscsdj08
1719 1719
(1719,)
nan
tscsdj09
1678 1678
(1678,)
nan
tscsdj10
2880 2880
(2880,)
nan
tscsdj11
1739 1739
(1739,)
nan
tscsdj12
2103 2103
(2103,)
nan
tscsdj13
1791 1791
(1791,)
5.13720094248
tscsdj14
3661 3661
(3661,)
4.98959759736
tscsdj15
2455 2455
(2455,)
nan
tscsdj16
2352 2352
(2352,)
nan
tscsdj17
2843 2843
(2843,)
5.04181884143
tscsdj18
2846 2846
(2846,)
5.06458365922
tscsdj19
1788 1788
(1788,)
nan
tscsdj20
2085 2085
(2085,)
nan
tscsdj21
1337 1337
(1337,)
nan
tscsdj22
2497 2497
(2497,)
nan
tscsdj23
2988 2988
(2988,)
nan
tscsdj24
2308 2308
(2308,)
nan
tscsdj25
2045 2045
(2045,)
nan
tscsdj26
2265 2265
(2265,)
nan
tscsdj27
1924 1924
(1924,)
nan
tscsdj28
1260 1260
(1260,)
nan
tscsdj29
2698 2698
(2698,)
nan
tscsdj30
3128 3128
(3128,)
nan
tscsdj31
2385 2385
(2385,)
nan
tscsdj32
1619 1619
(1619,)
nan
tscsdj33
2878 2878
(2878,)
nan
tscsdj34
2259 2259
(2259,)
nan
tscsdj35
2043 2043
(2043,)
nan
tscsdj36
2533 2533
(2533,)
nan
tscsdj37
2883 2883
(2883,)
nan
tscsdj38
2384 2384
(2384,)
nan
tscsdj39
3332 3332
(3332,)
nan
tscsdj40
1510 1510
(1510,)
nan
tscsdj41
2296 2296
(2296,)
nan
tscsdj42
1681 1681
(1681,)
5.0611350311
tscsdj43
3401 3401
(3401,)
5.09046319135
tscsdj44
2190 2190
(2190,)
nan
tscsdj45
2739 2739
(2739,)
nan
tscsdj46
2294 2294
(2294,)
nan
tscsdj47
1779 1779
(1779,)
nan
tscsdj48
2652 2652
(2652,)
nan
tscsdj49
3858 3858
(3858,)
5.07316519209
tscsdj50
2014 2014
(2014,)
nan
Beta :  3.4
tscsdj01
2777 2777
(2777,)
nan
tscsdj02
2013 2013
(2013,)
nan
tscsdj03
2163 2163
(2163,)
nan
tscsdj04
2595 2595
(2595,)
nan
tscsdj05
1969 1969
(1969,)
nan
tscsdj06
2792 2792
(2792,)
5.07860528853
tscsdj07
3253 3253
(3253,)
nan
tscsdj08
1719 1719
(1719,)
nan
tscsdj09
1678 1678
(1678,)
nan
tscsdj10
2880 2880
(2880,)
nan
tscsdj11
1739 1739
(1739,)
nan
tscsdj12
2103 2103
(2103,)
nan
tscsdj13
1791 1791
(1791,)
5.1360731736
tscsdj14
3661 3661
(3661,)
4.98959797317
tscsdj15
2455 2455
(2455,)
nan
tscsdj16
2352 2352
(2352,)
nan
tscsdj17
2843 2843
(2843,)
5.04132727884
tscsdj18
2846 2846
(2846,)
5.06395900067
tscsdj19
1788 1788
(1788,)
nan
tscsdj20
2085 2085
(2085,)
nan
tscsdj21
1337 1337
(1337,)
nan
tscsdj22
2497 2497
(2497,)
nan
tscsdj23
2988 2988
(2988,)
nan
tscsdj24
2308 2308
(2308,)
nan
tscsdj25
2045 2045
(2045,)
nan
tscsdj26
2265 2265
(2265,)
nan
tscsdj27
1924 1924
(1924,)
nan
tscsdj28
1260 1260
(1260,)
nan
tscsdj29
2698 2698
(2698,)
nan
tscsdj30
3128 3128
(3128,)
nan
tscsdj31
2385 2385
(2385,)
nan
tscsdj32
1619 1619
(1619,)
nan
tscsdj33
2878 2878
(2878,)
nan
tscsdj34
2259 2259
(2259,)
nan
tscsdj35
2043 2043
(2043,)
nan
tscsdj36
2533 2533
(2533,)
nan
tscsdj37
2883 2883
(2883,)
nan
tscsdj38
2384 2384
(2384,)
nan
tscsdj39
3332 3332
(3332,)
nan
tscsdj40
1510 1510
(1510,)
nan
tscsdj41
2296 2296
(2296,)
nan
tscsdj42
1681 1681
(1681,)
5.06113555396
tscsdj43
3401 3401
(3401,)
5.09028891218
tscsdj44
2190 2190
(2190,)
nan
tscsdj45
2739 2739
(2739,)
nan
tscsdj46
2294 2294
(2294,)
nan
tscsdj47
1779 1779
(1779,)
nan
tscsdj48
2652 2652
(2652,)
nan
tscsdj49
3858 3858
(3858,)
5.07344642618
tscsdj50
2014 2014
(2014,)
nan
Beta :  3.5
tscsdj01
2777 2777
(2777,)
nan
tscsdj02
2013 2013
(2013,)
nan
tscsdj03
2163 2163
(2163,)
nan
tscsdj04
2595 2595
(2595,)
nan
tscsdj05
1969 1969
(1969,)
nan
tscsdj06
2792 2792
(2792,)
5.07785661676
tscsdj07
3253 3253
(3253,)
nan
tscsdj08
1719 1719
(1719,)
nan
tscsdj09
1678 1678
(1678,)
nan
tscsdj10
2880 2880
(2880,)
nan
tscsdj11
1739 1739
(1739,)
nan
tscsdj12
2103 2103
(2103,)
nan
tscsdj13
1791 1791
(1791,)
5.13496381777
tscsdj14
3661 3661
(3661,)
4.98959834463
tscsdj15
2455 2455
(2455,)
nan
tscsdj16
2352 2352
(2352,)
nan
tscsdj17
2843 2843
(2843,)
5.04086089457
tscsdj18
2846 2846
(2846,)
5.0633734343
tscsdj19
1788 1788
(1788,)
nan
tscsdj20
2085 2085
(2085,)
nan
tscsdj21
1337 1337
(1337,)
nan
tscsdj22
2497 2497
(2497,)
nan
tscsdj23
2988 2988
(2988,)
nan
tscsdj24
2308 2308
(2308,)
nan
tscsdj25
2045 2045
(2045,)
nan
tscsdj26
2265 2265
(2265,)
nan
tscsdj27
1924 1924
(1924,)
nan
tscsdj28
1260 1260
(1260,)
nan
tscsdj29
2698 2698
(2698,)
nan
tscsdj30
3128 3128
(3128,)
nan
tscsdj31
2385 2385
(2385,)
nan
tscsdj32
1619 1619
(1619,)
nan
tscsdj33
2878 2878
(2878,)
nan
tscsdj34
2259 2259
(2259,)
nan
tscsdj35
2043 2043
(2043,)
nan
tscsdj36
2533 2533
(2533,)
nan
tscsdj37
2883 2883
(2883,)
nan
tscsdj38
2384 2384
(2384,)
nan
tscsdj39
3332 3332
(3332,)
nan
tscsdj40
1510 1510
(1510,)
nan
tscsdj41
2296 2296
(2296,)
nan
tscsdj42
1681 1681
(1681,)
5.0611360586
tscsdj43
3401 3401
(3401,)
5.09012266683
tscsdj44
2190 2190
(2190,)
nan
tscsdj45
2739 2739
(2739,)
nan
tscsdj46
2294 2294
(2294,)
nan
tscsdj47
1779 1779
(1779,)
nan
tscsdj48
2652 2652
(2652,)
nan
tscsdj49
3858 3858
(3858,)
5.07371957114
tscsdj50
2014 2014
(2014,)
nan
Beta :  3.6
tscsdj01
2777 2777
(2777,)
nan
tscsdj02
2013 2013
(2013,)
nan
tscsdj03
2163 2163
(2163,)
nan
tscsdj04
2595 2595
(2595,)
nan
tscsdj05
1969 1969
(1969,)
nan
tscsdj06
2792 2792
(2792,)
5.07713841121
tscsdj07
3253 3253
(3253,)
nan
tscsdj08
1719 1719
(1719,)
nan
tscsdj09
1678 1678
(1678,)
nan
tscsdj10
2880 2880
(2880,)
nan
tscsdj11
1739 1739
(1739,)
nan
tscsdj12
2103 2103
(2103,)
nan
tscsdj13
1791 1791
(1791,)
5.13387211581
tscsdj14
3661 3661
(3661,)
4.98959871229
tscsdj15
2455 2455
(2455,)
nan
tscsdj16
2352 2352
(2352,)
nan
tscsdj17
2843 2843
(2843,)
5.04041812669
tscsdj18
2846 2846
(2846,)
5.06282449972
tscsdj19
1788 1788
(1788,)
nan
tscsdj20
2085 2085
(2085,)
nan
tscsdj21
1337 1337
(1337,)
nan
tscsdj22
2497 2497
(2497,)
nan
tscsdj23
2988 2988
(2988,)
nan
tscsdj24
2308 2308
(2308,)
nan
tscsdj25
2045 2045
(2045,)
nan
tscsdj26
2265 2265
(2265,)
nan
tscsdj27
1924 1924
(1924,)
nan
tscsdj28
1260 1260
(1260,)
nan
tscsdj29
2698 2698
(2698,)
nan
tscsdj30
3128 3128
(3128,)
nan
tscsdj31
2385 2385
(2385,)
nan
tscsdj32
1619 1619
(1619,)
nan
tscsdj33
2878 2878
(2878,)
nan
tscsdj34
2259 2259
(2259,)
nan
tscsdj35
2043 2043
(2043,)
nan
tscsdj36
2533 2533
(2533,)
nan
tscsdj37
2883 2883
(2883,)
nan
tscsdj38
2384 2384
(2384,)
nan
tscsdj39
3332 3332
(3332,)
nan
tscsdj40
1510 1510
(1510,)
nan
tscsdj41
2296 2296
(2296,)
nan
tscsdj42
1681 1681
(1681,)
5.06113654593
tscsdj43
3401 3401
(3401,)
5.08996401579
tscsdj44
2190 2190
(2190,)
nan
tscsdj45
2739 2739
(2739,)
nan
tscsdj46
2294 2294
(2294,)
nan
tscsdj47
1779 1779
(1779,)
nan
tscsdj48
2652 2652
(2652,)
nan
tscsdj49
3858 3858
(3858,)
5.07398500325
tscsdj50
2014 2014
(2014,)
nan
Beta :  3.7
tscsdj01
2777 2777
(2777,)
nan
tscsdj02
2013 2013
(2013,)
nan
tscsdj03
2163 2163
(2163,)
nan
tscsdj04
2595 2595
(2595,)
nan
tscsdj05
1969 1969
(1969,)
nan
tscsdj06
2792 2792
(2792,)
5.07644894811
tscsdj07
3253 3253
(3253,)
nan
tscsdj08
1719 1719
(1719,)
nan
tscsdj09
1678 1678
(1678,)
nan
tscsdj10
2880 2880
(2880,)
nan
tscsdj11
1739 1739
(1739,)
nan
tscsdj12
2103 2103
(2103,)
nan
tscsdj13
1791 1791
(1791,)
5.13279736154
tscsdj14
3661 3661
(3661,)
4.9895990766
tscsdj15
2455 2455
(2455,)
nan
tscsdj16
2352 2352
(2352,)
nan
tscsdj17
2843 2843
(2843,)
5.03999753652
tscsdj18
2846 2846
(2846,)
5.06230992761
tscsdj19
1788 1788
(1788,)
nan
tscsdj20
2085 2085
(2085,)
nan
tscsdj21
1337 1337
(1337,)
nan
tscsdj22
2497 2497
(2497,)
nan
tscsdj23
2988 2988
(2988,)
nan
tscsdj24
2308 2308
(2308,)
nan
tscsdj25
2045 2045
(2045,)
nan
tscsdj26
2265 2265
(2265,)
nan
tscsdj27
1924 1924
(1924,)
nan
tscsdj28
1260 1260
(1260,)
nan
tscsdj29
2698 2698
(2698,)
nan
tscsdj30
3128 3128
(3128,)
nan
tscsdj31
2385 2385
(2385,)
nan
tscsdj32
1619 1619
(1619,)
nan
tscsdj33
2878 2878
(2878,)
nan
tscsdj34
2259 2259
(2259,)
nan
tscsdj35
2043 2043
(2043,)
nan
tscsdj36
2533 2533
(2533,)
nan
tscsdj37
2883 2883
(2883,)
nan
tscsdj38
2384 2384
(2384,)
nan
tscsdj39
3332 3332
(3332,)
nan
tscsdj40
1510 1510
(1510,)
nan
tscsdj41
2296 2296
(2296,)
nan
tscsdj42
1681 1681
(1681,)
5.06113701678
tscsdj43
3401 3401
(3401,)
5.08981255136
tscsdj44
2190 2190
(2190,)
nan
tscsdj45
2739 2739
(2739,)
nan
tscsdj46
2294 2294
(2294,)
nan
tscsdj47
1779 1779
(1779,)
nan
tscsdj48
2652 2652
(2652,)
nan
tscsdj49
3858 3858
(3858,)
5.07424307424
tscsdj50
2014 2014
(2014,)
nan
Beta :  3.8
tscsdj01
2777 2777
(2777,)
nan
tscsdj02
2013 2013
(2013,)
nan
tscsdj03
2163 2163
(2163,)
nan
tscsdj04
2595 2595
(2595,)
nan
tscsdj05
1969 1969
(1969,)
nan
tscsdj06
2792 2792
(2792,)
5.07578663516
tscsdj07
3253 3253
(3253,)
nan
tscsdj08
1719 1719
(1719,)
nan
tscsdj09
1678 1678
(1678,)
nan
tscsdj10
2880 2880
(2880,)
nan
tscsdj11
1739 1739
(1739,)
nan
tscsdj12
2103 2103
(2103,)
nan
tscsdj13
1791 1791
(1791,)
5.13173889679
tscsdj14
3661 3661
(3661,)
4.989599438
tscsdj15
2455 2455
(2455,)
nan
tscsdj16
2352 2352
(2352,)
nan
tscsdj17
2843 2843
(2843,)
5.0395977966
tscsdj18
2846 2846
(2846,)
5.06182762151
tscsdj19
1788 1788
(1788,)
nan
tscsdj20
2085 2085
(2085,)
nan
tscsdj21
1337 1337
(1337,)
nan
tscsdj22
2497 2497
(2497,)
nan
tscsdj23
2988 2988
(2988,)
nan
tscsdj24
2308 2308
(2308,)
nan
tscsdj25
2045 2045
(2045,)
nan
tscsdj26
2265 2265
(2265,)
nan
tscsdj27
1924 1924
(1924,)
nan
tscsdj28
1260 1260
(1260,)
nan
tscsdj29
2698 2698
(2698,)
nan
tscsdj30
3128 3128
(3128,)
nan
tscsdj31
2385 2385
(2385,)
nan
tscsdj32
1619 1619
(1619,)
nan
tscsdj33
2878 2878
(2878,)
nan
tscsdj34
2259 2259
(2259,)
nan
tscsdj35
2043 2043
(2043,)
nan
tscsdj36
2533 2533
(2533,)
nan
tscsdj37
2883 2883
(2883,)
nan
tscsdj38
2384 2384
(2384,)
nan
tscsdj39
3332 3332
(3332,)
nan
tscsdj40
1510 1510
(1510,)
nan
tscsdj41
2296 2296
(2296,)
nan
tscsdj42
1681 1681
(1681,)
5.06113747195
tscsdj43
3401 3401
(3401,)
5.08966789472
tscsdj44
2190 2190
(2190,)
nan
tscsdj45
2739 2739
(2739,)
nan
tscsdj46
2294 2294
(2294,)
nan
tscsdj47
1779 1779
(1779,)
nan
tscsdj48
2652 2652
(2652,)
nan
tscsdj49
3858 3858
(3858,)
5.07449411338
tscsdj50
2014 2014
(2014,)
nan
Beta :  3.9
tscsdj01
2777 2777
(2777,)
nan
tscsdj02
2013 2013
(2013,)
nan
tscsdj03
2163 2163
(2163,)
nan
tscsdj04
2595 2595
(2595,)
nan
tscsdj05
1969 1969
(1969,)
nan
tscsdj06
2792 2792
(2792,)
5.07514999876
tscsdj07
3253 3253
(3253,)
nan
tscsdj08
1719 1719
(1719,)
nan
tscsdj09
1678 1678
(1678,)
nan
tscsdj10
2880 2880
(2880,)
nan
tscsdj11
1739 1739
(1739,)
nan
tscsdj12
2103 2103
(2103,)
nan
tscsdj13
1791 1791
(1791,)
5.13069610702
tscsdj14
3661 3661
(3661,)
4.98959979685
tscsdj15
2455 2455
(2455,)
nan
tscsdj16
2352 2352
(2352,)
nan
tscsdj17
2843 2843
(2843,)
5.03921768005
tscsdj18
2846 2846
(2846,)
5.06137564169
tscsdj19
1788 1788
(1788,)
nan
tscsdj20
2085 2085
(2085,)
nan
tscsdj21
1337 1337
(1337,)
nan
tscsdj22
2497 2497
(2497,)
nan
tscsdj23
2988 2988
(2988,)
nan
tscsdj24
2308 2308
(2308,)
nan
tscsdj25
2045 2045
(2045,)
nan
tscsdj26
2265 2265
(2265,)
nan
tscsdj27
1924 1924
(1924,)
nan
tscsdj28
1260 1260
(1260,)
nan
tscsdj29
2698 2698
(2698,)
nan
tscsdj30
3128 3128
(3128,)
nan
tscsdj31
2385 2385
(2385,)
nan
tscsdj32
1619 1619
(1619,)
nan
tscsdj33
2878 2878
(2878,)
nan
tscsdj34
2259 2259
(2259,)
nan
tscsdj35
2043 2043
(2043,)
nan
tscsdj36
2533 2533
(2533,)
nan
tscsdj37
2883 2883
(2883,)
nan
tscsdj38
2384 2384
(2384,)
nan
tscsdj39
3332 3332
(3332,)
nan
tscsdj40
1510 1510
(1510,)
nan
tscsdj41
2296 2296
(2296,)
nan
tscsdj42
1681 1681
(1681,)
5.06113791219
tscsdj43
3401 3401
(3401,)
5.08952969326
tscsdj44
2190 2190
(2190,)
nan
tscsdj45
2739 2739
(2739,)
nan
tscsdj46
2294 2294
(2294,)
nan
tscsdj47
1779 1779
(1779,)
nan
tscsdj48
2652 2652
(2652,)
nan
tscsdj49
3858 3858
(3858,)
5.07473842927
tscsdj50
2014 2014
(2014,)
nan
