Beta :  0.1
tscsdj01
2777 2777
(2777,)
nan
tscsdj02
2013 2013
(2013,)
nan
tscsdj03
2163 2163
(2163,)
nan
tscsdj04
2595 2595
(2595,)
nan
tscsdj05
1969 1969
(1969,)
nan
tscsdj06
2792 2792
(2792,)
5.05133529843
tscsdj07
3253 3253
(3253,)
nan
tscsdj08
1719 1719
(1719,)
nan
tscsdj09
1678 1678
(1678,)
nan
tscsdj10
2880 2880
(2880,)
nan
tscsdj11
1739 1739
(1739,)
nan
tscsdj12
2103 2103
(2103,)
nan
tscsdj13
1791 1791
(1791,)
5.16204299577
tscsdj14
3661 3661
(3661,)
4.98957807946
tscsdj15
2455 2455
(2455,)
nan
tscsdj16
2352 2352
(2352,)
nan
tscsdj17
2843 2843
(2843,)
5.07765982253
tscsdj18
2846 2846
(2846,)
5.09831190245
tscsdj19
1788 1788
(1788,)
nan
tscsdj20
2085 2085
(2085,)
nan
tscsdj21
1337 1337
(1337,)
nan
tscsdj22
2497 2497
(2497,)
nan
tscsdj23
2988 2988
(2988,)
nan
tscsdj24
2308 2308
(2308,)
nan
tscsdj25
2045 2045
(2045,)
nan
tscsdj26
2265 2265
(2265,)
nan
tscsdj27
1924 1924
(1924,)
nan
tscsdj28
1260 1260
(1260,)
nan
tscsdj29
2698 2698
(2698,)
nan
tscsdj30
3128 3128
(3128,)
nan
tscsdj31
2385 2385
(2385,)
nan
tscsdj32
1619 1619
(1619,)
nan
tscsdj33
2878 2878
(2878,)
nan
tscsdj34
2259 2259
(2259,)
nan
tscsdj35
2043 2043
(2043,)
nan
tscsdj36
2533 2533
(2533,)
nan
tscsdj37
2883 2883
(2883,)
nan
tscsdj38
2384 2384
(2384,)
nan
tscsdj39
3332 3332
(3332,)
nan
tscsdj40
1510 1510
(1510,)
nan
tscsdj41
2296 2296
(2296,)
nan
tscsdj42
1681 1681
(1681,)
5.06109751593
tscsdj43
3401 3401
(3401,)
5.1100929571
tscsdj44
2190 2190
(2190,)
nan
tscsdj45
2739 2739
(2739,)
nan
tscsdj46
2294 2294
(2294,)
nan
tscsdj47
1779 1779
(1779,)
nan
tscsdj48
2652 2652
(2652,)
nan
tscsdj49
3858 3858
(3858,)
5.05568353678
tscsdj50
2014 2014
(2014,)
nan
Beta :  0.2
tscsdj01
2777 2777
(2777,)
nan
tscsdj02
2013 2013
(2013,)
nan
tscsdj03
2163 2163
(2163,)
nan
tscsdj04
2595 2595
(2595,)
nan
tscsdj05
1969 1969
(1969,)
nan
tscsdj06
2792 2792
(2792,)
5.0609331664
tscsdj07
3253 3253
(3253,)
nan
tscsdj08
1719 1719
(1719,)
nan
tscsdj09
1678 1678
(1678,)
nan
tscsdj10
2880 2880
(2880,)
nan
tscsdj11
1739 1739
(1739,)
nan
tscsdj12
2103 2103
(2103,)
nan
tscsdj13
1791 1791
(1791,)
5.16280359522
tscsdj14
3661 3661
(3661,)
4.98957723104
tscsdj15
2455 2455
(2455,)
nan
tscsdj16
2352 2352
(2352,)
nan
tscsdj17
2843 2843
(2843,)
5.08266486171
tscsdj18
2846 2846
(2846,)
5.1051185816
tscsdj19
1788 1788
(1788,)
nan
tscsdj20
2085 2085
(2085,)
nan
tscsdj21
1337 1337
(1337,)
nan
tscsdj22
2497 2497
(2497,)
nan
tscsdj23
2988 2988
(2988,)
nan
tscsdj24
2308 2308
(2308,)
nan
tscsdj25
2045 2045
(2045,)
nan
tscsdj26
2265 2265
(2265,)
nan
tscsdj27
1924 1924
(1924,)
nan
tscsdj28
1260 1260
(1260,)
nan
tscsdj29
2698 2698
(2698,)
nan
tscsdj30
3128 3128
(3128,)
nan
tscsdj31
2385 2385
(2385,)
nan
tscsdj32
1619 1619
(1619,)
nan
tscsdj33
2878 2878
(2878,)
nan
tscsdj34
2259 2259
(2259,)
nan
tscsdj35
2043 2043
(2043,)
nan
tscsdj36
2533 2533
(2533,)
nan
tscsdj37
2883 2883
(2883,)
nan
tscsdj38
2384 2384
(2384,)
nan
tscsdj39
3332 3332
(3332,)
nan
tscsdj40
1510 1510
(1510,)
nan
tscsdj41
2296 2296
(2296,)
nan
tscsdj42
1681 1681
(1681,)
5.06109948046
tscsdj43
3401 3401
(3401,)
5.10780408337
tscsdj44
2190 2190
(2190,)
nan
tscsdj45
2739 2739
(2739,)
nan
tscsdj46
2294 2294
(2294,)
nan
tscsdj47
1779 1779
(1779,)
nan
tscsdj48
2652 2652
(2652,)
nan
tscsdj49
3858 3858
(3858,)
5.05624275399
tscsdj50
2014 2014
(2014,)
nan
Beta :  0.3
tscsdj01
2777 2777
(2777,)
nan
tscsdj02
2013 2013
(2013,)
nan
tscsdj03
2163 2163
(2163,)
nan
tscsdj04
2595 2595
(2595,)
nan
tscsdj05
1969 1969
(1969,)
nan
tscsdj06
2792 2792
(2792,)
5.06719438891
tscsdj07
3253 3253
(3253,)
nan
tscsdj08
1719 1719
(1719,)
nan
tscsdj09
1678 1678
(1678,)
nan
tscsdj10
2880 2880
(2880,)
nan
tscsdj11
1739 1739
(1739,)
nan
tscsdj12
2103 2103
(2103,)
nan
tscsdj13
1791 1791
(1791,)
5.16346367642
tscsdj14
3661 3661
(3661,)
4.98957757874
tscsdj15
2455 2455
(2455,)
nan
tscsdj16
2352 2352
(2352,)
nan
tscsdj17
2843 2843
(2843,)
5.08610349947
tscsdj18
2846 2846
(2846,)
5.11022727974
tscsdj19
1788 1788
(1788,)
nan
tscsdj20
2085 2085
(2085,)
nan
tscsdj21
1337 1337
(1337,)
nan
tscsdj22
2497 2497
(2497,)
nan
tscsdj23
2988 2988
(2988,)
nan
tscsdj24
2308 2308
(2308,)
nan
tscsdj25
2045 2045
(2045,)
nan
tscsdj26
2265 2265
(2265,)
nan
tscsdj27
1924 1924
(1924,)
nan
tscsdj28
1260 1260
(1260,)
nan
tscsdj29
2698 2698
(2698,)
nan
tscsdj30
3128 3128
(3128,)
nan
tscsdj31
2385 2385
(2385,)
nan
tscsdj32
1619 1619
(1619,)
nan
tscsdj33
2878 2878
(2878,)
nan
tscsdj34
2259 2259
(2259,)
nan
tscsdj35
2043 2043
(2043,)
nan
tscsdj36
2533 2533
(2533,)
nan
tscsdj37
2883 2883
(2883,)
nan
tscsdj38
2384 2384
(2384,)
nan
tscsdj39
3332 3332
(3332,)
nan
tscsdj40
1510 1510
(1510,)
nan
tscsdj41
2296 2296
(2296,)
nan
tscsdj42
1681 1681
(1681,)
5.06110161934
tscsdj43
3401 3401
(3401,)
5.10601805153
tscsdj44
2190 2190
(2190,)
nan
tscsdj45
2739 2739
(2739,)
nan
tscsdj46
2294 2294
(2294,)
nan
tscsdj47
1779 1779
(1779,)
nan
tscsdj48
2652 2652
(2652,)
nan
tscsdj49
3858 3858
(3858,)
5.05706886775
tscsdj50
2014 2014
(2014,)
nan
Beta :  0.4
tscsdj01
2777 2777
(2777,)
nan
tscsdj02
2013 2013
(2013,)
nan
tscsdj03
2163 2163
(2163,)
nan
tscsdj04
2595 2595
(2595,)
nan
tscsdj05
1969 1969
(1969,)
nan
tscsdj06
2792 2792
(2792,)
5.07174075488
tscsdj07
3253 3253
(3253,)
nan
tscsdj08
1719 1719
(1719,)
nan
tscsdj09
1678 1678
(1678,)
nan
tscsdj10
2880 2880
(2880,)
nan
tscsdj11
1739 1739
(1739,)
nan
tscsdj12
2103 2103
(2103,)
nan
tscsdj13
1791 1791
(1791,)
5.16401711488
tscsdj14
3661 3661
(3661,)
4.989578437
tscsdj15
2455 2455
(2455,)
nan
tscsdj16
2352 2352
(2352,)
nan
tscsdj17
2843 2843
(2843,)
5.08842668703
tscsdj18
2846 2846
(2846,)
5.11425388541
tscsdj19
1788 1788
(1788,)
nan
tscsdj20
2085 2085
(2085,)
nan
tscsdj21
1337 1337
(1337,)
nan
tscsdj22
2497 2497
(2497,)
nan
tscsdj23
2988 2988
(2988,)
nan
tscsdj24
2308 2308
(2308,)
nan
tscsdj25
2045 2045
(2045,)
nan
tscsdj26
2265 2265
(2265,)
nan
tscsdj27
1924 1924
(1924,)
nan
tscsdj28
1260 1260
(1260,)
nan
tscsdj29
2698 2698
(2698,)
nan
tscsdj30
3128 3128
(3128,)
nan
tscsdj31
2385 2385
(2385,)
nan
tscsdj32
1619 1619
(1619,)
nan
tscsdj33
2878 2878
(2878,)
nan
tscsdj34
2259 2259
(2259,)
nan
tscsdj35
2043 2043
(2043,)
nan
tscsdj36
2533 2533
(2533,)
nan
tscsdj37
2883 2883
(2883,)
nan
tscsdj38
2384 2384
(2384,)
nan
tscsdj39
3332 3332
(3332,)
nan
tscsdj40
1510 1510
(1510,)
nan
tscsdj41
2296 2296
(2296,)
nan
tscsdj42
1681 1681
(1681,)
5.06110373322
tscsdj43
3401 3401
(3401,)
5.10453707526
tscsdj44
2190 2190
(2190,)
nan
tscsdj45
2739 2739
(2739,)
nan
tscsdj46
2294 2294
(2294,)
nan
tscsdj47
1779 1779
(1779,)
nan
tscsdj48
2652 2652
(2652,)
nan
tscsdj49
3858 3858
(3858,)
5.05797283082
tscsdj50
2014 2014
(2014,)
nan
Beta :  0.5
tscsdj01
2777 2777
(2777,)
nan
tscsdj02
2013 2013
(2013,)
nan
tscsdj03
2163 2163
(2163,)
nan
tscsdj04
2595 2595
(2595,)
nan
tscsdj05
1969 1969
(1969,)
nan
tscsdj06
2792 2792
(2792,)
5.0752505347
tscsdj07
3253 3253
(3253,)
nan
tscsdj08
1719 1719
(1719,)
nan
tscsdj09
1678 1678
(1678,)
nan
tscsdj10
2880 2880
(2880,)
nan
tscsdj11
1739 1739
(1739,)
nan
tscsdj12
2103 2103
(2103,)
nan
tscsdj13
1791 1791
(1791,)
5.1644701809
tscsdj14
3661 3661
(3661,)
4.98957950337
tscsdj15
2455 2455
(2455,)
nan
tscsdj16
2352 2352
(2352,)
nan
tscsdj17
2843 2843
(2843,)
5.08378460757
tscsdj18
2846 2846
(2846,)
5.11754793769
tscsdj19
1788 1788
(1788,)
nan
tscsdj20
2085 2085
(2085,)
nan
tscsdj21
1337 1337
(1337,)
nan
tscsdj22
2497 2497
(2497,)
nan
tscsdj23
2988 2988
(2988,)
nan
tscsdj24
2308 2308
(2308,)
nan
tscsdj25
2045 2045
(2045,)
nan
tscsdj26
2265 2265
(2265,)
nan
tscsdj27
1924 1924
(1924,)
nan
tscsdj28
1260 1260
(1260,)
nan
tscsdj29
2698 2698
(2698,)
nan
tscsdj30
3128 3128
(3128,)
nan
tscsdj31
2385 2385
(2385,)
nan
tscsdj32
1619 1619
(1619,)
nan
tscsdj33
2878 2878
(2878,)
nan
tscsdj34
2259 2259
(2259,)
nan
tscsdj35
2043 2043
(2043,)
nan
tscsdj36
2533 2533
(2533,)
nan
tscsdj37
2883 2883
(2883,)
nan
tscsdj38
2384 2384
(2384,)
nan
tscsdj39
3332 3332
(3332,)
nan
tscsdj40
1510 1510
(1510,)
nan
tscsdj41
2296 2296
(2296,)
nan
tscsdj42
1681 1681
(1681,)
5.0611057629
tscsdj43
3401 3401
(3401,)
5.10326656166
tscsdj44
2190 2190
(2190,)
nan
tscsdj45
2739 2739
(2739,)
nan
tscsdj46
2294 2294
(2294,)
nan
tscsdj47
1779 1779
(1779,)
nan
tscsdj48
2652 2652
(2652,)
nan
tscsdj49
3858 3858
(3858,)
5.05888216978
tscsdj50
2014 2014
(2014,)
nan
Beta :  0.6
tscsdj01
2777 2777
(2777,)
nan
tscsdj02
2013 2013
(2013,)
nan
tscsdj03
2163 2163
(2163,)
nan
tscsdj04
2595 2595
(2595,)
nan
tscsdj05
1969 1969
(1969,)
nan
tscsdj06
2792 2792
(2792,)
5.07806897683
tscsdj07
3253 3253
(3253,)
nan
tscsdj08
1719 1719
(1719,)
nan
tscsdj09
1678 1678
(1678,)
nan
tscsdj10
2880 2880
(2880,)
nan
tscsdj11
1739 1739
(1739,)
nan
tscsdj12
2103 2103
(2103,)
nan
tscsdj13
1791 1791
(1791,)
5.16483253526
tscsdj14
3661 3661
(3661,)
4.98958063474
tscsdj15
2455 2455
(2455,)
nan
tscsdj16
2352 2352
(2352,)
nan
tscsdj17
2843 2843
(2843,)
5.0797697487
tscsdj18
2846 2846
(2846,)
5.11925072789
tscsdj19
1788 1788
(1788,)
nan
tscsdj20
2085 2085
(2085,)
nan
tscsdj21
1337 1337
(1337,)
nan
tscsdj22
2497 2497
(2497,)
nan
tscsdj23
2988 2988
(2988,)
nan
tscsdj24
2308 2308
(2308,)
nan
tscsdj25
2045 2045
(2045,)
nan
tscsdj26
2265 2265
(2265,)
nan
tscsdj27
1924 1924
(1924,)
nan
tscsdj28
1260 1260
(1260,)
nan
tscsdj29
2698 2698
(2698,)
nan
tscsdj30
3128 3128
(3128,)
nan
tscsdj31
2385 2385
(2385,)
nan
tscsdj32
1619 1619
(1619,)
nan
tscsdj33
2878 2878
(2878,)
nan
tscsdj34
2259 2259
(2259,)
nan
tscsdj35
2043 2043
(2043,)
nan
tscsdj36
2533 2533
(2533,)
nan
tscsdj37
2883 2883
(2883,)
nan
tscsdj38
2384 2384
(2384,)
nan
tscsdj39
3332 3332
(3332,)
nan
tscsdj40
1510 1510
(1510,)
nan
tscsdj41
2296 2296
(2296,)
nan
tscsdj42
1681 1681
(1681,)
5.06110769088
tscsdj43
3401 3401
(3401,)
5.10215293627
tscsdj44
2190 2190
(2190,)
nan
tscsdj45
2739 2739
(2739,)
nan
tscsdj46
2294 2294
(2294,)
nan
tscsdj47
1779 1779
(1779,)
nan
tscsdj48
2652 2652
(2652,)
nan
tscsdj49
3858 3858
(3858,)
5.05976714699
tscsdj50
2014 2014
(2014,)
nan
Beta :  0.7
tscsdj01
2777 2777
(2777,)
nan
tscsdj02
2013 2013
(2013,)
nan
tscsdj03
2163 2163
(2163,)
nan
tscsdj04
2595 2595
(2595,)
nan
tscsdj05
1969 1969
(1969,)
nan
tscsdj06
2792 2792
(2792,)
5.08039553482
tscsdj07
3253 3253
(3253,)
nan
tscsdj08
1719 1719
(1719,)
nan
tscsdj09
1678 1678
(1678,)
nan
tscsdj10
2880 2880
(2880,)
nan
tscsdj11
1739 1739
(1739,)
nan
tscsdj12
2103 2103
(2103,)
nan
tscsdj13
1791 1791
(1791,)
5.16511418873
tscsdj14
3661 3661
(3661,)
4.98958176127
tscsdj15
2455 2455
(2455,)
nan
tscsdj16
2352 2352
(2352,)
nan
tscsdj17
2843 2843
(2843,)
5.07624453994
tscsdj18
2846 2846
(2846,)
5.1140720723
tscsdj19
1788 1788
(1788,)
nan
tscsdj20
2085 2085
(2085,)
nan
tscsdj21
1337 1337
(1337,)
nan
tscsdj22
2497 2497
(2497,)
nan
tscsdj23
2988 2988
(2988,)
nan
tscsdj24
2308 2308
(2308,)
nan
tscsdj25
2045 2045
(2045,)
nan
tscsdj26
2265 2265
(2265,)
nan
tscsdj27
1924 1924
(1924,)
nan
tscsdj28
1260 1260
(1260,)
nan
tscsdj29
2698 2698
(2698,)
nan
tscsdj30
3128 3128
(3128,)
nan
tscsdj31
2385 2385
(2385,)
nan
tscsdj32
1619 1619
(1619,)
nan
tscsdj33
2878 2878
(2878,)
nan
tscsdj34
2259 2259
(2259,)
nan
tscsdj35
2043 2043
(2043,)
nan
tscsdj36
2533 2533
(2533,)
nan
tscsdj37
2883 2883
(2883,)
nan
tscsdj38
2384 2384
(2384,)
nan
tscsdj39
3332 3332
(3332,)
nan
tscsdj40
1510 1510
(1510,)
nan
tscsdj41
2296 2296
(2296,)
nan
tscsdj42
1681 1681
(1681,)
5.0611095145
tscsdj43
3401 3401
(3401,)
5.10116227187
tscsdj44
2190 2190
(2190,)
nan
tscsdj45
2739 2739
(2739,)
nan
tscsdj46
2294 2294
(2294,)
nan
tscsdj47
1779 1779
(1779,)
nan
tscsdj48
2652 2652
(2652,)
nan
tscsdj49
3858 3858
(3858,)
5.06061579844
tscsdj50
2014 2014
(2014,)
nan
Beta :  0.8
tscsdj01
2777 2777
(2777,)
nan
tscsdj02
2013 2013
(2013,)
nan
tscsdj03
2163 2163
(2163,)
nan
tscsdj04
2595 2595
(2595,)
nan
tscsdj05
1969 1969
(1969,)
nan
tscsdj06
2792 2792
(2792,)
5.08235593075
tscsdj07
3253 3253
(3253,)
nan
tscsdj08
1719 1719
(1719,)
nan
tscsdj09
1678 1678
(1678,)
nan
tscsdj10
2880 2880
(2880,)
nan
tscsdj11
1739 1739
(1739,)
nan
tscsdj12
2103 2103
(2103,)
nan
tscsdj13
1791 1791
(1791,)
5.16532446126
tscsdj14
3661 3661
(3661,)
4.98958284915
tscsdj15
2455 2455
(2455,)
nan
tscsdj16
2352 2352
(2352,)
nan
tscsdj17
2843 2843
(2843,)
5.07311421017
tscsdj18
2846 2846
(2846,)
5.10946082865
tscsdj19
1788 1788
(1788,)
nan
tscsdj20
2085 2085
(2085,)
nan
tscsdj21
1337 1337
(1337,)
nan
tscsdj22
2497 2497
(2497,)
nan
tscsdj23
2988 2988
(2988,)
nan
tscsdj24
2308 2308
(2308,)
nan
tscsdj25
2045 2045
(2045,)
nan
tscsdj26
2265 2265
(2265,)
nan
tscsdj27
1924 1924
(1924,)
nan
tscsdj28
1260 1260
(1260,)
nan
tscsdj29
2698 2698
(2698,)
nan
tscsdj30
3128 3128
(3128,)
nan
tscsdj31
2385 2385
(2385,)
nan
tscsdj32
1619 1619
(1619,)
nan
tscsdj33
2878 2878
(2878,)
nan
tscsdj34
2259 2259
(2259,)
nan
tscsdj35
2043 2043
(2043,)
nan
tscsdj36
2533 2533
(2533,)
nan
tscsdj37
2883 2883
(2883,)
nan
tscsdj38
2384 2384
(2384,)
nan
tscsdj39
3332 3332
(3332,)
nan
tscsdj40
1510 1510
(1510,)
nan
tscsdj41
2296 2296
(2296,)
nan
tscsdj42
1681 1681
(1681,)
5.06111123691
tscsdj43
3401 3401
(3401,)
5.1002713609
tscsdj44
2190 2190
(2190,)
nan
tscsdj45
2739 2739
(2739,)
nan
tscsdj46
2294 2294
(2294,)
nan
tscsdj47
1779 1779
(1779,)
nan
tscsdj48
2652 2652
(2652,)
nan
tscsdj49
3858 3858
(3858,)
5.06142412166
tscsdj50
2014 2014
(2014,)
nan
Beta :  0.9
tscsdj01
2777 2777
(2777,)
nan
tscsdj02
2013 2013
(2013,)
nan
tscsdj03
2163 2163
(2163,)
nan
tscsdj04
2595 2595
(2595,)
nan
tscsdj05
1969 1969
(1969,)
nan
tscsdj06
2792 2792
(2792,)
5.08403455119
tscsdj07
3253 3253
(3253,)
nan
tscsdj08
1719 1719
(1719,)
nan
tscsdj09
1678 1678
(1678,)
nan
tscsdj10
2880 2880
(2880,)
nan
tscsdj11
1739 1739
(1739,)
nan
tscsdj12
2103 2103
(2103,)
nan
tscsdj13
1791 1791
(1791,)
5.16547167591
tscsdj14
3661 3661
(3661,)
4.98958388315
tscsdj15
2455 2455
(2455,)
nan
tscsdj16
2352 2352
(2352,)
nan
tscsdj17
2843 2843
(2843,)
5.07030998386
tscsdj18
2846 2846
(2846,)
5.10532434
tscsdj19
1788 1788
(1788,)
nan
tscsdj20
2085 2085
(2085,)
nan
tscsdj21
1337 1337
(1337,)
nan
tscsdj22
2497 2497
(2497,)
nan
tscsdj23
2988 2988
(2988,)
nan
tscsdj24
2308 2308
(2308,)
nan
tscsdj25
2045 2045
(2045,)
nan
tscsdj26
2265 2265
(2265,)
nan
tscsdj27
1924 1924
(1924,)
nan
tscsdj28
1260 1260
(1260,)
nan
tscsdj29
2698 2698
(2698,)
nan
tscsdj30
3128 3128
(3128,)
nan
tscsdj31
2385 2385
(2385,)
nan
tscsdj32
1619 1619
(1619,)
nan
tscsdj33
2878 2878
(2878,)
nan
tscsdj34
2259 2259
(2259,)
nan
tscsdj35
2043 2043
(2043,)
nan
tscsdj36
2533 2533
(2533,)
nan
tscsdj37
2883 2883
(2883,)
nan
tscsdj38
2384 2384
(2384,)
nan
tscsdj39
3332 3332
(3332,)
nan
tscsdj40
1510 1510
(1510,)
nan
tscsdj41
2296 2296
(2296,)
nan
tscsdj42
1681 1681
(1681,)
5.06111286347
tscsdj43
3401 3401
(3401,)
5.09946342681
tscsdj44
2190 2190
(2190,)
nan
tscsdj45
2739 2739
(2739,)
nan
tscsdj46
2294 2294
(2294,)
nan
tscsdj47
1779 1779
(1779,)
nan
tscsdj48
2652 2652
(2652,)
nan
tscsdj49
3858 3858
(3858,)
5.06219181108
tscsdj50
2014 2014
(2014,)
nan
Beta :  1.0
tscsdj01
2777 2777
(2777,)
nan
tscsdj02
2013 2013
(2013,)
nan
tscsdj03
2163 2163
(2163,)
nan
tscsdj04
2595 2595
(2595,)
nan
tscsdj05
1969 1969
(1969,)
nan
tscsdj06
2792 2792
(2792,)
5.08549076152
tscsdj07
3253 3253
(3253,)
nan
tscsdj08
1719 1719
(1719,)
nan
tscsdj09
1678 1678
(1678,)
nan
tscsdj10
2880 2880
(2880,)
nan
tscsdj11
1739 1739
(1739,)
nan
tscsdj12
2103 2103
(2103,)
nan
tscsdj13
1791 1791
(1791,)
5.16556313294
tscsdj14
3661 3661
(3661,)
4.98958485778
tscsdj15
2455 2455
(2455,)
nan
tscsdj16
2352 2352
(2352,)
nan
tscsdj17
2843 2843
(2843,)
5.06778000524
tscsdj18
2846 2846
(2846,)
5.10159128169
tscsdj19
1788 1788
(1788,)
nan
tscsdj20
2085 2085
(2085,)
nan
tscsdj21
1337 1337
(1337,)
nan
tscsdj22
2497 2497
(2497,)
nan
tscsdj23
2988 2988
(2988,)
nan
tscsdj24
2308 2308
(2308,)
nan
tscsdj25
2045 2045
(2045,)
nan
tscsdj26
2265 2265
(2265,)
nan
tscsdj27
1924 1924
(1924,)
nan
tscsdj28
1260 1260
(1260,)
nan
tscsdj29
2698 2698
(2698,)
nan
tscsdj30
3128 3128
(3128,)
nan
tscsdj31
2385 2385
(2385,)
nan
tscsdj32
1619 1619
(1619,)
nan
tscsdj33
2878 2878
(2878,)
nan
tscsdj34
2259 2259
(2259,)
nan
tscsdj35
2043 2043
(2043,)
nan
tscsdj36
2533 2533
(2533,)
nan
tscsdj37
2883 2883
(2883,)
nan
tscsdj38
2384 2384
(2384,)
nan
tscsdj39
3332 3332
(3332,)
nan
tscsdj40
1510 1510
(1510,)
nan
tscsdj41
2296 2296
(2296,)
nan
tscsdj42
1681 1681
(1681,)
5.06111440027
tscsdj43
3401 3401
(3401,)
5.09872583526
tscsdj44
2190 2190
(2190,)
nan
tscsdj45
2739 2739
(2739,)
nan
tscsdj46
2294 2294
(2294,)
nan
tscsdj47
1779 1779
(1779,)
nan
tscsdj48
2652 2652
(2652,)
nan
tscsdj49
3858 3858
(3858,)
5.06292027314
tscsdj50
2014 2014
(2014,)
nan
Beta :  1.1
tscsdj01
2777 2777
(2777,)
nan
tscsdj02
2013 2013
(2013,)
nan
tscsdj03
2163 2163
(2163,)
nan
tscsdj04
2595 2595
(2595,)
nan
tscsdj05
1969 1969
(1969,)
nan
tscsdj06
2792 2792
(2792,)
5.08676786403
tscsdj07
3253 3253
(3253,)
nan
tscsdj08
1719 1719
(1719,)
nan
tscsdj09
1678 1678
(1678,)
nan
tscsdj10
2880 2880
(2880,)
nan
tscsdj11
1739 1739
(1739,)
nan
tscsdj12
2103 2103
(2103,)
nan
tscsdj13
1791 1791
(1791,)
5.16560518726
tscsdj14
3661 3661
(3661,)
4.98958577277
tscsdj15
2455 2455
(2455,)
nan
tscsdj16
2352 2352
(2352,)
nan
tscsdj17
2843 2843
(2843,)
5.06548401156
tscsdj18
2846 2846
(2846,)
5.09820538416
tscsdj19
1788 1788
(1788,)
nan
tscsdj20
2085 2085
(2085,)
nan
tscsdj21
1337 1337
(1337,)
nan
tscsdj22
2497 2497
(2497,)
nan
tscsdj23
2988 2988
(2988,)
nan
tscsdj24
2308 2308
(2308,)
nan
tscsdj25
2045 2045
(2045,)
nan
tscsdj26
2265 2265
(2265,)
nan
tscsdj27
1924 1924
(1924,)
nan
tscsdj28
1260 1260
(1260,)
nan
tscsdj29
2698 2698
(2698,)
nan
tscsdj30
3128 3128
(3128,)
nan
tscsdj31
2385 2385
(2385,)
nan
tscsdj32
1619 1619
(1619,)
nan
tscsdj33
2878 2878
(2878,)
nan
tscsdj34
2259 2259
(2259,)
nan
tscsdj35
2043 2043
(2043,)
nan
tscsdj36
2533 2533
(2533,)
nan
tscsdj37
2883 2883
(2883,)
nan
tscsdj38
2384 2384
(2384,)
nan
tscsdj39
3332 3332
(3332,)
nan
tscsdj40
1510 1510
(1510,)
nan
tscsdj41
2296 2296
(2296,)
nan
tscsdj42
1681 1681
(1681,)
5.06111585347
tscsdj43
3401 3401
(3401,)
5.09804876909
tscsdj44
2190 2190
(2190,)
nan
tscsdj45
2739 2739
(2739,)
nan
tscsdj46
2294 2294
(2294,)
nan
tscsdj47
1779 1779
(1779,)
nan
tscsdj48
2652 2652
(2652,)
nan
tscsdj49
3858 3858
(3858,)
5.0636116599
tscsdj50
2014 2014
(2014,)
nan
Beta :  1.2
tscsdj01
2777 2777
(2777,)
nan
tscsdj02
2013 2013
(2013,)
nan
tscsdj03
2163 2163
(2163,)
nan
tscsdj04
2595 2595
(2595,)
nan
tscsdj05
1969 1969
(1969,)
nan
tscsdj06
2792 2792
(2792,)
5.08789836179
tscsdj07
3253 3253
(3253,)
nan
tscsdj08
1719 1719
(1719,)
nan
tscsdj09
1678 1678
(1678,)
nan
tscsdj10
2880 2880
(2880,)
nan
tscsdj11
1739 1739
(1739,)
nan
tscsdj12
2103 2103
(2103,)
nan
tscsdj13
1791 1791
(1791,)
5.1656033575
tscsdj14
3661 3661
(3661,)
4.98958663055
tscsdj15
2455 2455
(2455,)
nan
tscsdj16
2352 2352
(2352,)
nan
tscsdj17
2843 2843
(2843,)
5.06339000568
tscsdj18
2846 2846
(2846,)
5.09512134644
tscsdj19
1788 1788
(1788,)
nan
tscsdj20
2085 2085
(2085,)
nan
tscsdj21
1337 1337
(1337,)
nan
tscsdj22
2497 2497
(2497,)
nan
tscsdj23
2988 2988
(2988,)
nan
tscsdj24
2308 2308
(2308,)
nan
tscsdj25
2045 2045
(2045,)
nan
tscsdj26
2265 2265
(2265,)
nan
tscsdj27
1924 1924
(1924,)
nan
tscsdj28
1260 1260
(1260,)
nan
tscsdj29
2698 2698
(2698,)
nan
tscsdj30
3128 3128
(3128,)
nan
tscsdj31
2385 2385
(2385,)
nan
tscsdj32
1619 1619
(1619,)
nan
tscsdj33
2878 2878
(2878,)
nan
tscsdj34
2259 2259
(2259,)
nan
tscsdj35
2043 2043
(2043,)
nan
tscsdj36
2533 2533
(2533,)
nan
tscsdj37
2883 2883
(2883,)
nan
tscsdj38
2384 2384
(2384,)
nan
tscsdj39
3332 3332
(3332,)
nan
tscsdj40
1510 1510
(1510,)
nan
tscsdj41
2296 2296
(2296,)
nan
tscsdj42
1681 1681
(1681,)
5.06111722897
tscsdj43
3401 3401
(3401,)
5.0974244103
tscsdj44
2190 2190
(2190,)
nan
tscsdj45
2739 2739
(2739,)
nan
tscsdj46
2294 2294
(2294,)
nan
tscsdj47
1779 1779
(1779,)
nan
tscsdj48
2652 2652
(2652,)
nan
tscsdj49
3858 3858
(3858,)
5.06426838675
tscsdj50
2014 2014
(2014,)
nan
Beta :  1.3
tscsdj01
2777 2777
(2777,)
nan
tscsdj02
2013 2013
(2013,)
nan
tscsdj03
2163 2163
(2163,)
nan
tscsdj04
2595 2595
(2595,)
nan
tscsdj05
1969 1969
(1969,)
nan
tscsdj06
2792 2792
(2792,)
5.08890722392
tscsdj07
3253 3253
(3253,)
nan
tscsdj08
1719 1719
(1719,)
nan
tscsdj09
1678 1678
(1678,)
nan
tscsdj10
2880 2880
(2880,)
nan
tscsdj11
1739 1739
(1739,)
nan
tscsdj12
2103 2103
(2103,)
nan
tscsdj13
1791 1791
(1791,)
5.1655624375
tscsdj14
3661 3661
(3661,)
4.98958743485
tscsdj15
2455 2455
(2455,)
nan
tscsdj16
2352 2352
(2352,)
nan
tscsdj17
2843 2843
(2843,)
5.06147207388
tscsdj18
2846 2846
(2846,)
5.09230207658
tscsdj19
1788 1788
(1788,)
nan
tscsdj20
2085 2085
(2085,)
nan
tscsdj21
1337 1337
(1337,)
nan
tscsdj22
2497 2497
(2497,)
nan
tscsdj23
2988 2988
(2988,)
nan
tscsdj24
2308 2308
(2308,)
nan
tscsdj25
2045 2045
(2045,)
nan
tscsdj26
2265 2265
(2265,)
nan
tscsdj27
1924 1924
(1924,)
nan
tscsdj28
1260 1260
(1260,)
nan
tscsdj29
2698 2698
(2698,)
nan
tscsdj30
3128 3128
(3128,)
nan
tscsdj31
2385 2385
(2385,)
nan
tscsdj32
1619 1619
(1619,)
nan
tscsdj33
2878 2878
(2878,)
nan
tscsdj34
2259 2259
(2259,)
nan
tscsdj35
2043 2043
(2043,)
nan
tscsdj36
2533 2533
(2533,)
nan
tscsdj37
2883 2883
(2883,)
nan
tscsdj38
2384 2384
(2384,)
nan
tscsdj39
3332 3332
(3332,)
nan
tscsdj40
1510 1510
(1510,)
nan
tscsdj41
2296 2296
(2296,)
nan
tscsdj42
1681 1681
(1681,)
5.06111853235
tscsdj43
3401 3401
(3401,)
5.09684640842
tscsdj44
2190 2190
(2190,)
nan
tscsdj45
2739 2739
(2739,)
nan
tscsdj46
2294 2294
(2294,)
nan
tscsdj47
1779 1779
(1779,)
nan
tscsdj48
2652 2652
(2652,)
nan
tscsdj49
3858 3858
(3858,)
5.06489289063
tscsdj50
2014 2014
(2014,)
nan
Beta :  1.4
tscsdj01
2777 2777
(2777,)
nan
tscsdj02
2013 2013
(2013,)
nan
tscsdj03
2163 2163
(2163,)
nan
tscsdj04
2595 2595
(2595,)
nan
tscsdj05
1969 1969
(1969,)
nan
tscsdj06
2792 2792
(2792,)
5.08981400265
tscsdj07
3253 3253
(3253,)
nan
tscsdj08
1719 1719
(1719,)
nan
tscsdj09
1678 1678
(1678,)
nan
tscsdj10
2880 2880
(2880,)
nan
tscsdj11
1739 1739
(1739,)
nan
tscsdj12
2103 2103
(2103,)
nan
tscsdj13
1791 1791
(1791,)
5.16384352053
tscsdj14
3661 3661
(3661,)
4.98958818998
tscsdj15
2455 2455
(2455,)
nan
tscsdj16
2352 2352
(2352,)
nan
tscsdj17
2843 2843
(2843,)
5.05970889775
tscsdj18
2846 2846
(2846,)
5.08971676845
tscsdj19
1788 1788
(1788,)
nan
tscsdj20
2085 2085
(2085,)
nan
tscsdj21
1337 1337
(1337,)
nan
tscsdj22
2497 2497
(2497,)
nan
tscsdj23
2988 2988
(2988,)
nan
tscsdj24
2308 2308
(2308,)
nan
tscsdj25
2045 2045
(2045,)
nan
tscsdj26
2265 2265
(2265,)
nan
tscsdj27
1924 1924
(1924,)
nan
tscsdj28
1260 1260
(1260,)
nan
tscsdj29
2698 2698
(2698,)
nan
tscsdj30
3128 3128
(3128,)
nan
tscsdj31
2385 2385
(2385,)
nan
tscsdj32
1619 1619
(1619,)
nan
tscsdj33
2878 2878
(2878,)
nan
tscsdj34
2259 2259
(2259,)
nan
tscsdj35
2043 2043
(2043,)
nan
tscsdj36
2533 2533
(2533,)
nan
tscsdj37
2883 2883
(2883,)
nan
tscsdj38
2384 2384
(2384,)
nan
tscsdj39
3332 3332
(3332,)
nan
tscsdj40
1510 1510
(1510,)
nan
tscsdj41
2296 2296
(2296,)
nan
tscsdj42
1681 1681
(1681,)
5.06111976874
tscsdj43
3401 3401
(3401,)
5.09630952021
tscsdj44
2190 2190
(2190,)
nan
tscsdj45
2739 2739
(2739,)
nan
tscsdj46
2294 2294
(2294,)
nan
tscsdj47
1779 1779
(1779,)
nan
tscsdj48
2652 2652
(2652,)
nan
tscsdj49
3858 3858
(3858,)
5.06548751196
tscsdj50
2014 2014
(2014,)
nan
Beta :  1.5
tscsdj01
2777 2777
(2777,)
nan
tscsdj02
2013 2013
(2013,)
nan
tscsdj03
2163 2163
(2163,)
nan
tscsdj04
2595 2595
(2595,)
nan
tscsdj05
1969 1969
(1969,)
nan
tscsdj06
2792 2792
(2792,)
5.09063425679
tscsdj07
3253 3253
(3253,)
nan
tscsdj08
1719 1719
(1719,)
nan
tscsdj09
1678 1678
(1678,)
nan
tscsdj10
2880 2880
(2880,)
nan
tscsdj11
1739 1739
(1739,)
nan
tscsdj12
2103 2103
(2103,)
nan
tscsdj13
1791 1791
(1791,)
5.16207247842
tscsdj14
3661 3661
(3661,)
4.98958890036
tscsdj15
2455 2455
(2455,)
nan
tscsdj16
2352 2352
(2352,)
nan
tscsdj17
2843 2843
(2843,)
5.05808270608
tscsdj18
2846 2846
(2846,)
5.08733952434
tscsdj19
1788 1788
(1788,)
nan
tscsdj20
2085 2085
(2085,)
nan
tscsdj21
1337 1337
(1337,)
nan
tscsdj22
2497 2497
(2497,)
nan
tscsdj23
2988 2988
(2988,)
nan
tscsdj24
2308 2308
(2308,)
nan
tscsdj25
2045 2045
(2045,)
nan
tscsdj26
2265 2265
(2265,)
nan
tscsdj27
1924 1924
(1924,)
nan
tscsdj28
1260 1260
(1260,)
nan
tscsdj29
2698 2698
(2698,)
nan
tscsdj30
3128 3128
(3128,)
nan
tscsdj31
2385 2385
(2385,)
nan
tscsdj32
1619 1619
(1619,)
nan
tscsdj33
2878 2878
(2878,)
nan
tscsdj34
2259 2259
(2259,)
nan
tscsdj35
2043 2043
(2043,)
nan
tscsdj36
2533 2533
(2533,)
nan
tscsdj37
2883 2883
(2883,)
nan
tscsdj38
2384 2384
(2384,)
nan
tscsdj39
3332 3332
(3332,)
nan
tscsdj40
1510 1510
(1510,)
nan
tscsdj41
2296 2296
(2296,)
nan
tscsdj42
1681 1681
(1681,)
5.06112094289
tscsdj43
3401 3401
(3401,)
5.09580935703
tscsdj44
2190 2190
(2190,)
nan
tscsdj45
2739 2739
(2739,)
nan
tscsdj46
2294 2294
(2294,)
nan
tscsdj47
1779 1779
(1779,)
nan
tscsdj48
2652 2652
(2652,)
nan
tscsdj49
3858 3858
(3858,)
5.06605444111
tscsdj50
2014 2014
(2014,)
nan
Beta :  1.6
tscsdj01
2777 2777
(2777,)
nan
tscsdj02
2013 2013
(2013,)
nan
tscsdj03
2163 2163
(2163,)
nan
tscsdj04
2595 2595
(2595,)
nan
tscsdj05
1969 1969
(1969,)
nan
tscsdj06
2792 2792
(2792,)
5.09138053846
tscsdj07
3253 3253
(3253,)
nan
tscsdj08
1719 1719
(1719,)
nan
tscsdj09
1678 1678
(1678,)
nan
tscsdj10
2880 2880
(2880,)
nan
tscsdj11
1739 1739
(1739,)
nan
tscsdj12
2103 2103
(2103,)
nan
tscsdj13
1791 1791
(1791,)
5.16036173284
tscsdj14
3661 3661
(3661,)
4.98958957027
tscsdj15
2455 2455
(2455,)
nan
tscsdj16
2352 2352
(2352,)
nan
tscsdj17
2843 2843
(2843,)
5.05657851653
tscsdj18
2846 2846
(2846,)
5.08514834474
tscsdj19
1788 1788
(1788,)
nan
tscsdj20
2085 2085
(2085,)
nan
tscsdj21
1337 1337
(1337,)
nan
tscsdj22
2497 2497
(2497,)
nan
tscsdj23
2988 2988
(2988,)
nan
tscsdj24
2308 2308
(2308,)
nan
tscsdj25
2045 2045
(2045,)
nan
tscsdj26
2265 2265
(2265,)
nan
tscsdj27
1924 1924
(1924,)
nan
tscsdj28
1260 1260
(1260,)
nan
tscsdj29
2698 2698
(2698,)
nan
tscsdj30
3128 3128
(3128,)
nan
tscsdj31
2385 2385
(2385,)
nan
tscsdj32
1619 1619
(1619,)
nan
tscsdj33
2878 2878
(2878,)
nan
tscsdj34
2259 2259
(2259,)
nan
tscsdj35
2043 2043
(2043,)
nan
tscsdj36
2533 2533
(2533,)
nan
tscsdj37
2883 2883
(2883,)
nan
tscsdj38
2384 2384
(2384,)
nan
tscsdj39
3332 3332
(3332,)
nan
tscsdj40
1510 1510
(1510,)
nan
tscsdj41
2296 2296
(2296,)
nan
tscsdj42
1681 1681
(1681,)
5.06112205915
tscsdj43
3401 3401
(3401,)
5.09534220249
tscsdj44
2190 2190
(2190,)
nan
tscsdj45
2739 2739
(2739,)
nan
tscsdj46
2294 2294
(2294,)
nan
tscsdj47
1779 1779
(1779,)
nan
tscsdj48
2652 2652
(2652,)
nan
tscsdj49
3858 3858
(3858,)
5.06659569905
tscsdj50
2014 2014
(2014,)
nan
Beta :  1.7
tscsdj01
2777 2777
(2777,)
nan
tscsdj02
2013 2013
(2013,)
nan
tscsdj03
2163 2163
(2163,)
nan
tscsdj04
2595 2595
(2595,)
nan
tscsdj05
1969 1969
(1969,)
nan
tscsdj06
2792 2792
(2792,)
5.09206309509
tscsdj07
3253 3253
(3253,)
nan
tscsdj08
1719 1719
(1719,)
nan
tscsdj09
1678 1678
(1678,)
nan
tscsdj10
2880 2880
(2880,)
nan
tscsdj11
1739 1739
(1739,)
nan
tscsdj12
2103 2103
(2103,)
nan
tscsdj13
1791 1791
(1791,)
5.15870607452
tscsdj14
3661 3661
(3661,)
4.98959020378
tscsdj15
2455 2455
(2455,)
nan
tscsdj16
2352 2352
(2352,)
nan
tscsdj17
2843 2843
(2843,)
5.05518357415
tscsdj18
2846 2846
(2846,)
5.08312437168
tscsdj19
1788 1788
(1788,)
nan
tscsdj20
2085 2085
(2085,)
nan
tscsdj21
1337 1337
(1337,)
nan
tscsdj22
2497 2497
(2497,)
nan
tscsdj23
2988 2988
(2988,)
nan
tscsdj24
2308 2308
(2308,)
nan
tscsdj25
2045 2045
(2045,)
nan
tscsdj26
2265 2265
(2265,)
nan
tscsdj27
1924 1924
(1924,)
nan
tscsdj28
1260 1260
(1260,)
nan
tscsdj29
2698 2698
(2698,)
nan
tscsdj30
3128 3128
(3128,)
nan
tscsdj31
2385 2385
(2385,)
nan
tscsdj32
1619 1619
(1619,)
nan
tscsdj33
2878 2878
(2878,)
nan
tscsdj34
2259 2259
(2259,)
nan
tscsdj35
2043 2043
(2043,)
nan
tscsdj36
2533 2533
(2533,)
nan
tscsdj37
2883 2883
(2883,)
nan
tscsdj38
2384 2384
(2384,)
nan
tscsdj39
3332 3332
(3332,)
nan
tscsdj40
1510 1510
(1510,)
nan
tscsdj41
2296 2296
(2296,)
nan
tscsdj42
1681 1681
(1681,)
5.0611231215
tscsdj43
3401 3401
(3401,)
5.09490487764
tscsdj44
2190 2190
(2190,)
nan
tscsdj45
2739 2739
(2739,)
nan
tscsdj46
2294 2294
(2294,)
nan
tscsdj47
1779 1779
(1779,)
nan
tscsdj48
2652 2652
(2652,)
nan
tscsdj49
3858 3858
(3858,)
5.06711313577
tscsdj50
2014 2014
(2014,)
nan
Beta :  1.8
tscsdj01
2777 2777
(2777,)
nan
tscsdj02
2013 2013
(2013,)
nan
tscsdj03
2163 2163
(2163,)
nan
tscsdj04
2595 2595
(2595,)
nan
tscsdj05
1969 1969
(1969,)
nan
tscsdj06
2792 2792
(2792,)
5.092657935
tscsdj07
3253 3253
(3253,)
nan
tscsdj08
1719 1719
(1719,)
nan
tscsdj09
1678 1678
(1678,)
nan
tscsdj10
2880 2880
(2880,)
nan
tscsdj11
1739 1739
(1739,)
nan
tscsdj12
2103 2103
(2103,)
nan
tscsdj13
1791 1791
(1791,)
5.15710097414
tscsdj14
3661 3661
(3661,)
4.98959080463
tscsdj15
2455 2455
(2455,)
nan
tscsdj16
2352 2352
(2352,)
nan
tscsdj17
2843 2843
(2843,)
5.05388692732
tscsdj18
2846 2846
(2846,)
5.08125131163
tscsdj19
1788 1788
(1788,)
nan
tscsdj20
2085 2085
(2085,)
nan
tscsdj21
1337 1337
(1337,)
nan
tscsdj22
2497 2497
(2497,)
nan
tscsdj23
2988 2988
(2988,)
nan
tscsdj24
2308 2308
(2308,)
nan
tscsdj25
2045 2045
(2045,)
nan
tscsdj26
2265 2265
(2265,)
nan
tscsdj27
1924 1924
(1924,)
nan
tscsdj28
1260 1260
(1260,)
nan
tscsdj29
2698 2698
(2698,)
nan
tscsdj30
3128 3128
(3128,)
nan
tscsdj31
2385 2385
(2385,)
nan
tscsdj32
1619 1619
(1619,)
nan
tscsdj33
2878 2878
(2878,)
nan
tscsdj34
2259 2259
(2259,)
nan
tscsdj35
2043 2043
(2043,)
nan
tscsdj36
2533 2533
(2533,)
nan
tscsdj37
2883 2883
(2883,)
nan
tscsdj38
2384 2384
(2384,)
nan
tscsdj39
3332 3332
(3332,)
nan
tscsdj40
1510 1510
(1510,)
nan
tscsdj41
2296 2296
(2296,)
nan
tscsdj42
1681 1681
(1681,)
5.06112413359
tscsdj43
3401 3401
(3401,)
5.09449463923
tscsdj44
2190 2190
(2190,)
nan
tscsdj45
2739 2739
(2739,)
nan
tscsdj46
2294 2294
(2294,)
nan
tscsdj47
1779 1779
(1779,)
nan
tscsdj48
2652 2652
(2652,)
nan
tscsdj49
3858 3858
(3858,)
5.06760843767
tscsdj50
2014 2014
(2014,)
nan
Beta :  1.9
tscsdj01
2777 2777
(2777,)
nan
tscsdj02
2013 2013
(2013,)
nan
tscsdj03
2163 2163
(2163,)
nan
tscsdj04
2595 2595
(2595,)
nan
tscsdj05
1969 1969
(1969,)
nan
tscsdj06
2792 2792
(2792,)
5.09319631519
tscsdj07
3253 3253
(3253,)
nan
tscsdj08
1719 1719
(1719,)
nan
tscsdj09
1678 1678
(1678,)
nan
tscsdj10
2880 2880
(2880,)
nan
tscsdj11
1739 1739
(1739,)
nan
tscsdj12
2103 2103
(2103,)
nan
tscsdj13
1791 1791
(1791,)
5.15554246921
tscsdj14
3661 3661
(3661,)
4.98959137626
tscsdj15
2455 2455
(2455,)
nan
tscsdj16
2352 2352
(2352,)
nan
tscsdj17
2843 2843
(2843,)
5.05267910192
tscsdj18
2846 2846
(2846,)
5.07951498806
tscsdj19
1788 1788
(1788,)
nan
tscsdj20
2085 2085
(2085,)
nan
tscsdj21
1337 1337
(1337,)
nan
tscsdj22
2497 2497
(2497,)
nan
tscsdj23
2988 2988
(2988,)
nan
tscsdj24
2308 2308
(2308,)
nan
tscsdj25
2045 2045
(2045,)
nan
tscsdj26
2265 2265
(2265,)
nan
tscsdj27
1924 1924
(1924,)
nan
tscsdj28
1260 1260
(1260,)
nan
tscsdj29
2698 2698
(2698,)
nan
tscsdj30
3128 3128
(3128,)
nan
tscsdj31
2385 2385
(2385,)
nan
tscsdj32
1619 1619
(1619,)
nan
tscsdj33
2878 2878
(2878,)
nan
tscsdj34
2259 2259
(2259,)
nan
tscsdj35
2043 2043
(2043,)
nan
tscsdj36
2533 2533
(2533,)
nan
tscsdj37
2883 2883
(2883,)
nan
tscsdj38
2384 2384
(2384,)
nan
tscsdj39
3332 3332
(3332,)
nan
tscsdj40
1510 1510
(1510,)
nan
tscsdj41
2296 2296
(2296,)
nan
tscsdj42
1681 1681
(1681,)
5.06112509878
tscsdj43
3401 3401
(3401,)
5.09410910161
tscsdj44
2190 2190
(2190,)
nan
tscsdj45
2739 2739
(2739,)
nan
tscsdj46
2294 2294
(2294,)
nan
tscsdj47
1779 1779
(1779,)
nan
tscsdj48
2652 2652
(2652,)
nan
tscsdj49
3858 3858
(3858,)
5.0680831391
tscsdj50
2014 2014
(2014,)
nan
