0.429113604436
0.429098632579
0.429068690999
0.429023783965
0.428963917879
0.428889101276
0.42879934482
0.428694661307
0.428575065659
0.428440574925
0.428291208276
0.428126987002
0.427947934511
0.427754076323
0.427545440068
0.427322055481
0.427083954396
0.426831170745
0.426563740548
0.426281701914
0.425985095026
0.425673962146
0.425348347598
0.425008297768
0.424653861095
0.424285088065
0.4239020312
0.423504745053
0.423093286199
0.422667713226
0.422228086726
0.421774469287
0.421306925483
0.420825521862
0.420330326941
0.419821411189
0.419298847023
0.418762708791
0.418213072766
0.41765001713
0.417073621966
0.416483969243
0.415881142805
0.415265228357
0.414636313455
0.413994487488
0.41333984167
0.412672469021
0.411992464357
0.411299924273
0.410594947129
0.409877633038
0.409148083844
0.408406403114
0.407652696119
0.406887069818
0.40610963284
0.405320495473
0.404519769642
0.403707568895
0.402884008384
0.402049204848
0.401203276599
0.400346343497
0.399478526938
0.398599949833
0.397710736591
0.396811013096
0.395900906696
0.394980546174
0.394050061736
0.393109584989
0.392159248919
0.391199187875
0.390229537545
0.389250434937
0.38826201836
0.3872644274
0.386257802901
0.385242286942
0.384218022818
0.383185155018
0.3821438292
0.381094192174
0.380036391874
0.378970577342
0.377896898702
0.376815507136
0.375726554864
0.374630195122
0.373526582135
0.372415871096
0.371298218143
0.370173780336
0.369042715631
0.367905182857
0.366761341695
0.36561135265
0.364455377029
0.363293576917
0.362126115149
0.360953155294
0.359774861619
0.358591399074
0.357402933263
0.356209630418
0.355011657376
0.353809181556
0.352602370928
0.351391393994
0.350176419758
0.348957617705
0.34773515777
0.34650921032
0.34527994612
0.344047536314
0.342812152397
0.341573966189
0.34033314981
0.339089875653
0.337844316361
0.336596644797
0.335347034023
0.334095657268
0.33284268791
0.331588299443
0.330332665455
0.3290759596
0.327818355575
0.326560027091
0.325301147847
0.324041891508
0.322782431676
0.321522941863
0.320263595467
0.319004565749
0.317746025801
0.316488148525
0.315231106605
0.313975072484
0.312720218333
0.311466716033
0.310214737142
0.308964452877
0.30771603408
0.3064696512
0.305225474265
0.303983672856
0.302744416083
0.301507872561
0.300274210381
0.29904359709
0.297816199665
0.296592184485
0.295371717311
0.294154963259
0.292942086776
0.291733251615
0.290528620815
0.28932835667
0.288132620711
0.286941573681
0.28575537551
0.28457418529
0.283398161257
0.282227460764
0.281062240257
0.279902655255
0.278748860325
0.277601009062
0.276459254063
0.275323746908
0.274194638136
0.273072077224
0.271956212564
0.270847191442
0.269745160019
0.268650263306
0.267562645143
0.266482448184
0.265409813867
0.264344882403
0.263287792749
0.26223868259
0.261197688321
0.260164945025
0.259140586453
0.258124745009
0.257117551726
0.256119136249
0.255129626818
0.254149150248
0.253177831912
0.25221579572
0.251263164107
0.250320058009
0.249386596853
0.248462898533
0.247549079398
0.246645254233
0.245751536246
0.244868037049
0.243994866642
0.243132133401
0.242279944059
0.241438403694
0.240607615713
0.239787681836
0.238978702086
0.238180774771
0.237393996474
0.236618462038
0.235854264549
0.235101495333
0.234360243933
0.233630598104
0.232912643798
0.232206465152
0.231512144479
0.230829762256
0.230159397111
0.229501125815
0.228855023272
0.228221162509
0.227599614663
0.226990448977
0.226393732787
0.225809531517
0.225237908666
0.224678925803
0.224132642559
0.223599116619
0.223078403715
0.222570557619
0.222075630136
0.221593671099
0.221124728363
0.220668847796
0.22022607328
0.2197964467
0.219380007941
0.218976794888
0.218586843414
0.218210187382
0.217846858643
0.217496887025
0.217160300339
0.21683712437
0.21652738288
0.216231097602
0.21594828824
0.215678972468
0.21542316593
0.215180882237
0.214952132969
0.214736927673
0.214535273865
0.214347177032
0.214172640627
0.214011666079
0.213864252787
0.213730398125
0.213610097446
0.213503344081
0.213410129344
0.213330442536
0.213264270946
0.213211599857
0.213172412549
0.213146690302
0.213134412405
0.213135556156
0.213150096872
0.213178007891
0.21321926058
0.21327382434
0.213341666614
0.213422752892
0.213517046721
0.213624509709
0.213745101535
0.213878779957
0.21402550082
0.214185218063
0.214357883731
0.214543447983
0.214741859101
0.214953063498
0.215177005732
0.215413628516
0.215662872724
0.215924677407
0.216198979802
0.216485715344
0.216784817678
0.217096218669
0.217419848417
0.21775563527
0.218103505834
0.218463384986
0.218835195891
0.219218860014
0.219614297132
0.220021425349
0.220440161113
0.220870419227
0.221312112867
0.221765153594
0.222229451371
0.222704914582
0.223191450039
0.223688963008
0.224197357221
0.224716534889
0.225246396725
0.225786841959
0.226337768352
0.226899072219
0.227470648441
0.228052390487
0.228644190431
0.229245938969
0.229857525439
0.230478837839
0.231109762846
0.231750185837
0.232399990903
0.233059060875
0.233727277339
0.234404520659
0.235090669993
0.235785603319
0.236489197449
0.237201328054
0.237921869684
0.238650695787
0.239387678732
0.240132689829
0.24088559935
0.241646276554
0.242414589702
0.243190406086
0.243973592045
0.244764012991
0.24556153343
0.246366016984
0.247177326412
0.247995323635
0.248819869758
0.249650825093
0.250488049179
0.251331400811
0.252180738056
0.25303591828
0.253896798174
0.254763233771
0.255635080475
0.256512193079
0.257394425796
0.258281632275
0.259173665631
0.260070378465
0.26097162289
0.261877250552
0.262787112658
0.263701059997
0.264618942966
0.265540611593
0.266465915562
0.267394704236
0.268326826683
0.269262131699
0.270200467832
0.271141683409
0.272085626556
0.273032145226
0.273981087223
0.274932300224
0.275885631805
0.276840929467
0.277798040657
0.278756812795
0.279717093297
0.280678729599
0.281641569184
0.282605459603
0.2835702485
0.284535783639
0.285501912925
0.286468484427
0.287435346407
0.288402347341
0.289369335943
0.290336161188
0.291302672339
0.292268718969
0.293234150982
0.294198818642
0.295162572593
0.296125263885
0.297086743993
0.298046864846
0.299005478846
0.299962438894
0.30091759841
0.301870811358
0.302821932271
0.30377081627
0.304717319085
0.305661297086
0.306602607295
0.307541107417
0.308476655855
0.309409111738
0.310338334938
0.311264186097
0.312186526643
0.313105218815
0.314020125682
0.314931111169
0.315838040071
0.31674077808
0.3176391918
0.318533148775
0.319422517501
0.320307167452
0.321186969099
0.322061793928
0.32293151446
0.323796004272
0.324655138017
0.325508791439
0.326356841396
0.327199165877
0.328035644021
0.328866156134
0.329690583709
0.330508809444
0.331320717258
0.332126192307
0.332925121007
0.333717391047
0.334502891404
0.335281512364
0.336053145537
0.336817683872
0.337575021671
0.338325054612
0.339067679755
0.339802795565
0.340530301922
0.341250100139
0.341962092974
0.342666184646
0.343362280849
0.344050288762
0.344730117069
0.345401675968
0.346064877184
0.346719633982
0.347365861182
0.348003475167
0.348632393899
0.349252536926
0.3498638254
0.350466182081
0.351059531352
0.351643799231
0.352218913374
0.352784803096
0.35334139937
0.353888634844
0.354426443846
0.354954762395
0.355473528209
0.355982680714
0.356482161048
0.356971912077
0.357451878395
0.357922006332
0.358382243967
0.358832541127
0.359272849397
0.359703122127
0.360123314434
0.360533383213
0.360933287136
0.36132298666
0.361702444033
0.362071623295
0.362430490284
0.362779012639
0.363117159804
0.363444903028
0.363762215373
0.364069071712
0.364365448735
0.364651324945
0.364926680666
0.36519149804
0.365445761031
0.365689455422
0.365922568817
0.366145090645
0.366357012151
0.366558326404
0.366749028292
0.366929114521
0.367098583613
0.367257435908
0.367405673555
0.367543300519
0.367670322568
0.367786747279
0.367892584028
0.367987843992
0.368072540141
0.368146687236
0.368210301823
0.368263402229
0.368306008559
0.368338142687
0.368359828253
0.368371090657
0.368371957051
0.368362456334
0.368342619145
0.368312477856
0.368272066565
0.368221421087
0.368160578947
0.368089579374
0.368008463288
0.367917273295
0.367816053676
0.36770485038
0.367583711011
0.367452684821
0.3673118227
0.367161177163
0.367000802343
0.366830753976
0.366651089395
0.366461867512
0.366263148815
0.366054995346
0.365837470698
0.365610639997
0.36537456989
0.365129328536
0.364874985587
0.364611612179
0.364339280917
0.364058065861
0.363768042512
0.363469287798
0.363161880057
0.362845899028
0.362521425829
0.362188542947
0.361847334221
0.361497884824
0.361140281252
0.360774611301
0.36040096406
0.360019429884
0.359630100386
0.359233068415
0.358828428042
0.35841627454
0.357996704366
0.35756981515
0.357135705667
0.356694475827
0.356246226654
0.355791060265
0.355329079857
0.354860389683
0.354385095037
0.35390330223
0.353415118579
0.352920652377
0.352420012883
0.351913310297
0.351400655741
0.350882161239
0.350357939699
0.349828104889
0.349292771421
0.348752054726
0.348206071036
0.347654937362
0.347098771476
0.346537691885
0.345971817814
0.345401269184
0.344826166587
0.34424663127
0.343662785111
0.343074750596
0.342482650799
0.341886609361
0.341286750464
0.340683198815
0.340076079617
0.339465518555
0.338851641766
0.33823457582
0.337614447701
0.336991384778
0.336365514787
0.335736965807
0.33510586624
0.334472344782
0.333836530408
0.333198552346
0.332558540051
0.331916623188
0.331272931607
0.330627595319
0.329980744473
0.329332509337
0.328683020269
0.328032407701
0.327380802112
0.326728334003
0.326075133882
0.325421332232
0.324767059495
0.324112446047
0.323457622174
0.32280271805
0.322147863716
0.321493189054
0.320838823767
0.320184897358
0.319531539102
0.318878878027
0.318227042893
0.317576162165
0.316926363997
0.316277776204
0.315630526241
0.314984741183
0.314340547702
0.313698072044
0.313057440008
0.312418776924
0.311782207632
0.311147856459
0.310515847196
0.309886303082
0.309259346777
0.308635100343
0.308013685225
0.307395222225
0.306779831485
0.306167632465
0.305558743923
0.304953283893
0.304351369666
0.303753117769
0.303158643946
0.302568063135
0.301981489451
0.301399036167
0.300820815691
0.30024693955
0.299677518368
0.299112661848
0.298552478754
0.297997076892
0.29744656309
0.29690104318
0.296360621982
0.295825403282
0.295295489818
0.294770983258
0.294251984189
0.293738592093
0.293230905332
0.292729021133
0.29223303557
0.291743043546
0.29125913878
0.290781413786
0.290309959864
0.289844867075
0.289386224236
0.288934118897
0.288488637326
0.288049864502
0.287617884091
0.287192778436
0.286774628543
0.286363514067
0.285959513298
0.285562703145
0.285173159128
0.284790955361
0.28441616454
0.284048857932
0.28368910536
0.283336975194
0.282992534338
0.282655848219
0.282326980773
0.282005994439
0.281692950144
0.281387907293
0.281090923763
0.280802055888
0.280521358452
0.280248884677
0.279984686218
0.279728813151
0.279481313966
0.279242235557
0.279011623215
0.278789520622
0.27857596984
0.278371011304
0.278174683821
0.277987024554
0.277808069024
0.277637851098
0.277476402989
0.277323755242
0.277179936739
0.277044974686
0.276918894612
0.276801720364
0.276693474101
0.276594176296
0.276503845724
0.276422499466
0.276350152903
0.276286819713
0.276232511869
0.276187239639
0.276151011581
0.276123834543
0.276105713664
0.276096652368
31.4086366116
30.7627751711
29.6421845413
28.3465446303
27.2293140582
26.6090559527
26.6885829814
27.5018176532
28.9015964439
30.5917457742
32.1960143263
33.3474572971
33.7768121467
33.3785146863
32.2382671222
30.6152310485
28.8827814673
27.4417121042
26.626431711
27.2409450226
26.4491265246
24.995032566
23.1174496758
21.1269379779
19.3569703065
18.1112249308
17.6151859251
17.9795644787
19.1812600373
21.0649049461
23.3648878346
25.7446096906
27.8470722501
29.349137185
30.0111971695
29.7146598211
28.4814649124
26.4725595889
23.9654360143
21.3140084145
18.8967899502
17.0611160177
16.0717771908
19.7475353429
19.5769838774
19.2430583985
18.759754157
18.1471843963
17.4305782938
16.6390308238
15.8040719378
14.9581319024
14.1329847732
13.3582525374
12.6600484215
12.0598294758
11.5735163054
11.2109224416
10.9755182175
10.864535145
10.8693977739
10.976451921
11.167942029
11.4231771453
11.7198153553
12.0351909738
12.3476076944
12.6375242347
12.8885665747
13.0883121921
13.228806056
13.3067846989
13.3236024452
13.2848717928
13.1998469551
13.0805946838
12.9410088202
12.7957338526
12.659067579
12.5439135266
12.460850042
12.4173751823
31.2695624671
30.4016598646
28.7394165429
26.4231788332
23.647168384
20.6416703691
17.6520125509
14.9163295843
12.6442153217
10.9982716082
10.0802746716
9.92322801883
10.4899980043
11.678590846
13.3334899228
15.2618918706
17.2532155575
19.0999542497
20.617827194
21.6632728455
22.1466028744
22.0395760753
21.376710622
20.2502764647
18.7995355608
17.1953645115
15.6218463665
14.2567116157
13.2526141444
12.7211361521
25.2537672595
25.0775575825
24.7357494274
24.2486882545
23.6447862696
22.9582276475
22.2262690496
21.4863932117
20.7735810516
20.1179474406
19.5429402712
19.0642372679
18.68939784
18.4182470612
18.2438946698
18.1542319778
18.1337101076
18.1651878046
18.2316470375
18.3176074865
18.4101219849
18.4992970718
18.5783479538
18.6432570856
18.6921528616
18.7245539097
18.7406319754
19.8428497836
19.6062255116
19.139529733
18.4556733606
17.5735421901
16.5174367447
15.3163524077
14.0031219012
12.6134463696
11.1848447083
9.75555323215
8.36340924459
7.04475248176
5.83337777347
4.75957059212
3.84925451187
3.12327605582
2.59684807971
2.27916786503
2.17322062716
2.27577335866
2.57755800417
3.06363708891
3.71393927985
4.50394712461
5.40551455126
6.38778776696
7.418200088
8.46350906312
9.49084308325
10.4687245372
11.3680374777
12.1629096743
12.8314817839
13.3565400797
13.7259936198
13.9331817679
13.9770034431
13.8618651949
13.5974509925
13.198322307
12.683362457
12.0750841295
11.3988233049
10.6818463869
9.95240003917
9.23873498626
8.56813578811
7.96598831814
7.45491538474
7.05400866709
6.77818196769
6.63766681593
20.3711957133
20.1048562875
19.5837053279
18.8302447973
17.8768710208
16.7643235188
15.539740493
14.2544187361
12.9613903515
11.7129375056
10.5581690342
9.54077897495
8.697097199
8.05452680605
7.63044263542
7.43160120827
7.45408590712
7.68378360558
8.09736172057
8.66368918904
9.34562248997
10.1020596951
10.8901525677
11.6675595938
12.3946218688
13.0363490057
13.5641133602
13.956967291
14.2025189827
14.2973264456
14.2467953871
14.0645933229
13.7716181583
13.3945831421
12.9643003325
12.5137604447
12.0761173562
11.6826900814
11.3610934692
11.1336013206
11.0158324847
18.1820516295
18.5659374059
19.2892853236
20.269216538
21.3954766122
22.5450389093
23.5981491514
24.4535409596
25.0406986517
25.3275004463
25.3222724737
25.0701159282
24.644210966
24.1335256034
23.6288583084
23.2093462395
22.9314496498
22.8219987776
22.8762303748
23.0609499914
23.3221557838
23.5957731348
23.8196817301
23.9450386893
13.8907903492
13.8492236876
13.7670609983
13.6462152891
13.4894863053
13.3004792503
13.0835004
12.8434328596
12.5855963275
12.31559522
12.0391598567
11.7619856119
11.4895749749
11.2270873506
10.9792011636
10.7499924161
10.5428333058
10.3603138552
10.2041887533
10.0753507988
9.97383147294
9.89882830659
9.84875784923
9.82133223753
9.81365662054
9.82234404867
9.84364389919
9.87357950589
9.90809039975
9.94317445686
9.97502529453
10.0001604525
10.0155362379
10.0186455878
10.0075958946
9.98116443065
9.9388297709
9.88077842607
9.80788673354
9.72167888167
9.62426273913
9.51824589704
9.40663498427
9.29272186345
9.17996074006
9.07184050399
8.97175676503
8.88288803437
8.80808034555
8.74974430519
8.70976812669
8.6894496437
22.5367113741
22.161187098
21.4273600099
20.3688186908
19.0338539253
17.4830685091
15.7863841327
14.0195984137
12.2606679095
10.5859065766
9.06629295331
7.76407313415
6.72983072922
6.00017028711
5.59612842188
5.52238880989
5.76733531263
6.303933932
7.09139139286
8.07749811547
9.20152827433
10.3975413622
11.5979096528
12.7368852113
13.7540191715
14.5972549173
15.2255350577
15.6107887063
15.7391991215
15.6116904638
15.2436142113
14.6636584405
13.9120444624
13.0381130237
12.0974344529
11.148602056
10.249884434
9.45591936116
8.81462905866
8.36452430115
8.13254345861
19.1509978137
18.9420092523
18.5342096516
17.9473766132
17.2097680283
16.35652793
15.4277146027
14.4660701343
13.5146657003
12.6145635873
11.8026348842
11.1096610681
10.5588290924
10.1647042505
9.93273468685
9.85930789028
9.9323449869
10.1323853394
10.4340839703
10.8080195406
11.2226925863
11.646583538
12.0501383318
12.4075562019
12.6982690338
12.9080234389
13.0295040253
13.0624673759
13.0133889619
12.8946574699
12.7233807018
12.5198923935
12.3060683526
12.1035720279
11.9321532468
11.8081191889
11.7430840376
5.53692767481
5.55054203302
5.57761489911
5.61783667771
5.67074820713
5.73574694854
5.81209509215
5.89892945832
5.99527304465
6.10004804575
6.21209015065
6.33016390448
6.45297890579
6.57920659945
6.70749741769
6.83649801784
6.96486836583
7.09129841875
7.21452416784
7.33334281527
7.44662687323
7.55333699287
7.6525333517
7.7433854526
7.82518021366
7.89732825604
7.95936832651
8.01096982087
8.05193340522
8.08218976152
8.1017965136
8.11093341748
8.10989592632
8.09908726472
8.07900916857
8.050251466
8.01348069033
7.96942792876
7.91887611924
7.86264701326
7.80158802374
7.73655917509
7.66842036666
7.59801915114
7.52617921727
7.45368974992
7.3812958223
7.30968995413
7.23950494622
7.17130807757
7.10559672495
7.0427954385
6.98325447988
6.92724980296
6.87498443102
6.8265911596
6.78213649101
6.74162568506
6.70500879185
6.67218751595
6.6430227483
6.61734259159
6.5949506984
6.57563473777
6.55917480589
6.54535160024
6.53395418333
6.52478717222
6.51767720327
6.5124785375
6.50907769023
6.50739698944
29.5904783078
28.7792238169
27.2172542124
25.0206081065
22.351184932
19.4033522946
16.387969513
13.5152191499
10.9777350548
8.93547912341
7.50365334061
6.74465410126
6.66470799862
7.21540583097
8.29991297032
9.78321924885
11.505437642
13.2969000353
14.9936534296
16.4519435476
17.5603856161
18.2487529616
18.4926410234
18.3136567824
17.7752048735
16.974352693
16.0306196607
15.0728170218
14.2252384364
13.5945523544
13.2586705313
15.3905113859
15.3325650034
15.2181049614
15.0499514968
14.8322236487
14.5702103858
14.2702064034
13.9393187073
13.5852511227
13.2160745915
12.8399915116
12.4651024245
12.0991830659
11.7494791848
11.4225256377
11.123995121
10.8585805728
10.6299138208
10.4405215387
10.291818072
10.1841332717
10.1167721906
10.0881024119
10.0956639236
10.1362958752
10.2062742508
10.3014544857
10.4174133158
10.5495846721
10.6933851594
10.8443255621
10.9981058364
11.1506921178
11.2983753479
11.4378121318
11.5660493392
11.6805347036
11.7791162236
11.8600335032
11.9219042722
11.9637092086
11.9847778477
14.2210662823
14.251451793
14.3090787282
14.3878674482
14.4792071001
14.5725310762
14.656028391
14.7174473706
14.7449422185
14.7279101465
14.657766993
14.5286126025
14.3377435139
14.0859793373
13.7777800862
13.4211440292
13.0272886194
12.61012999
12.1855886072
11.7707592356
11.3829917686
11.0389352107
10.7535998118
10.5394918856
10.4058722
10.358182201
10.3976731046
10.5212615708
10.721622924
10.9875194185
11.3043476484
11.6548766457
12.0201372074
12.3804141996
12.7162875001
13.0096642236
13.2447451079
13.4088714155
13.4932052287
29.7353804299
28.9209001252
27.3932984727
25.3412578656
23.0147572944
20.690837651
18.6361179989
17.0714591882
16.1438081655
15.9091504192
16.3288184099
17.2794054404
18.5745190708
19.9948788481
21.3220780958
22.3708633616
23.0151025856
23.2036595338
22.9640023958
22.3932985111
21.6386881868
20.8700905917
20.2500201963
19.9053126383
13.2301919673
13.1262218997
12.9271247179
12.6500025861
12.3190851101
11.9641188503
11.6183769019
11.3164109259
11.091684327
10.9742333222
10.9885019213
11.1514873734
11.4713149554
11.9463360989
12.5648132302
13.3052201009
14.1371498571
15.0227867561
15.9188634486
16.7789960922
17.5562660209
18.2059006697
18.6878989154
18.9694474379
19.0269850794
18.8477909404
18.4309980393
17.7879663177
16.9419847574
15.927310351
14.787589431
13.5737422609
12.341422761
11.1481900036
10.0505452163
9.10099647837
8.34531257478
7.82011760977
7.55095950889
27.7114498524
27.1228829533
25.9792137006
24.3452282884
22.3128947187
19.9955076724
17.5205156891
15.0215163154
12.629958943
10.4671114118
8.63682406497
7.219565545
6.26811253759
5.80515757295
5.8229633386
6.28504845015
7.12974847515
8.27536721499
9.62652589849
11.0812395315
12.5382055763
13.9037833084
15.0981728436
16.0603684536
16.7515564273
17.1567462455
17.284556475
17.165213834
16.8469553111
16.391139493
15.8664659427
15.3427639133
14.8848394265
14.5468609184
14.3677190199
17.6609734059
17.5461937992
17.3201258051
16.9896210936
16.564635673
16.0578590499
15.4842440007
14.8604563542
14.2042673916
13.5339137051
12.8674505061
12.222124404
11.6137905904
11.0563972066
10.5615565583
10.1382188971
9.79245991515
9.5273880758
9.34317268711
9.23718841847
9.20426702031
9.23704253418
9.32637247972
9.46181453644
9.63213622922
9.82583415641
10.0316394031
10.2389869433
10.4384289889
10.6219752825
10.783347109
10.9181361265
11.0238638029
11.0999420469
11.1475403379
11.1693690527
11.1693925649
11.1524888732
11.1240748515
11.0897176079
11.0547528228
11.0239303071
11.001105404
10.98899234
14.7072394128
14.6893803788
14.657782324
14.6202787741
14.587637916
14.5724769841
14.5879616922
14.6464014287
14.7578609996
14.9289100882
15.1616222187
15.4529165405
15.7943095783
16.1721122234
16.5680721244
16.9604259855
17.3252928875
17.6383112156
17.8764003898
18.0195160592
18.0522648118
17.9652520721
17.756054219
17.4297318565
16.9988337044
16.4828773645
15.907331507
15.3021609609
14.7000289846
14.1342771619
13.6368209191
13.2361062208
12.9552699741
12.8106332125
36.704055697
35.2203789143
32.3967267684
28.5058393292
23.9216889217
19.081410068
14.4409064528
10.428725794
7.40296562819
5.6156494735
5.1882277501
6.1006935473
8.19538167333
11.1949890693
14.7328754922
18.39242977
21.7513516775
24.4261998241
26.1125435134
26.6165318833
25.8746063225
23.9593359488
21.0708190118
17.5146117814
13.6685614817
9.94208277521
6.73220640845
4.38106138558
3.13929386863
4.7016201873
4.85488034577
5.1563631062
5.596161621
6.15983060413
6.82886860674
7.58133544485
8.39258395235
9.23608138386
10.0842927788
10.9095965246
11.685201291
12.3860334869
12.9895654143
13.4765563277
13.8316815813
14.0440288562
14.1074449851
14.0207219631
13.7876161955
13.4167006873
12.921055538
12.3178075782
11.627535083
10.8735580467
10.081138357
9.27661722297
8.48651929933
7.73665402954
7.05124477371
6.4521152883
5.9579611211
5.58373054401
5.34013587023
5.23331151948
5.26463015897
5.43068283087
5.7234233641
6.13047175044
6.63556573468
7.21914481055
7.85904630065
8.53128938397
9.21091994817
9.87288708736
10.4929210095
11.0483820965
11.5190518746
11.8878386682
12.1413736565
12.2704768313
24.5848192791
24.0425072715
22.9891887051
21.4855168944
19.6177058839
17.4921612663
15.2288793801
12.9540448331
10.7923071174
8.85923585773
7.25443979084
6.05578794582
5.31509592279
5.05554079896
5.27095179417
5.92699828752
6.9641705802
8.30233045265
9.84650601544
11.4935254576
13.139032348
14.6844045281
16.0431105882
17.1460814654
17.9457467163
18.418480442
18.5653140377
18.4108941516
18.0007860985
17.3973371222
16.6744125099
15.9113938933
15.1868779477
14.5725318237
14.1275478551
13.8940954172
10.9938727452
10.9594112264
10.8907132469
10.7882272878
10.6526219952
10.4847813249
10.2857981271
10.056966221
9.79977102025
9.51587878144
9.20712455939
8.87549896119
8.52313380171
8.15228677082
7.76532523018
7.36470926425
6.95297411541
6.53271213784
6.10655440813
5.67715213303
5.24715799596
4.81920758394
4.39590103589
3.97978505064
3.57333539033
3.17894001026
2.79888294095
2.43532904219
2.09030974114
1.76570985899
1.46325562128
1.18450393771
0.930833026738
0.703434449495
0.503306606212
0.33124973647
0.187862452687
0.0735398239346
-0.011526985149
-0.0673495279318
-0.0941393616561
-0.0923038374648
-0.0624404381915
-0.00532971887056
0.0780730841982
0.186647699697
0.319119637063
0.474072077075
0.649958734418
0.845117582131
1.0577853215
1.28611247559
1.52817898021
1.78201014289
2.0455928381
2.31689180574
2.59386592006
2.87448429692
3.15674210965
3.43867598659
3.71837886804
3.994014205
4.26382938852
4.52616830553
4.77948292457
5.02234382372
5.25344958226
5.47163496741
5.67587785811
5.86530485864
6.03919556597
6.19698546655
6.33826744963
6.46279193606
6.5704656333
6.66134893867
6.73565202463
6.79372965045
6.83607475559
6.8633109001
6.8761836268
6.87555082907
6.86237221596
6.83769797395
6.80265673092
6.75844293365
6.70630375455
6.64752564725
6.5834206729
6.51531272087
6.44452374785
6.3723601589
6.30009945219
6.2289772468
6.160174809
6.09480718782
6.03391206543
5.97843942078
5.92924209833
5.88706736486
5.85254952926
5.82620369012
5.80842066648
5.79946315626
4.24461645551
4.22090472241
4.1739287235
4.10457496252
4.0141522759
3.90436716905
3.7772916547
3.63532419602
3.48114448615
3.31766291187
3.14796564833
2.97525641432
2.80279598008
2.63384056224
2.47158026166
2.31907869955
2.17921498542
2.05462910701
1.94767176907
1.86035962493
1.79433674445
1.75084304578
1.73069028831
1.73424608341
1.76142622966
1.81169552405
1.88407704209
1.97716972165
2.08917393011
2.21792454475
2.36093093616
2.51542311458
2.67840318384
2.84670114777
3.01703403177
3.18606722015
3.35047686686
3.50701221716
3.65255667782
3.7841864963
3.8992259527
3.99529803258
4.07036963187
4.12279044627
4.15132481434
4.15517591404
4.13400185419
4.08792335272
4.0175228499
3.92383506336
3.80832915137
3.67288280624
3.51974875018
3.35151424714
3.17105437414
2.98147991206
2.78608081586
2.58826630705
2.39150269411
2.19925006942
2.01489905261
1.84170874961
1.68274707494
1.54083454119
1.41849255572
1.31789718154
1.24083921814
1.18869134139
1.16238291084
34.3646353796
32.979681555
30.4709187204
27.309676486
24.0855837706
21.3918444972
19.710240524
19.3184510957
20.2378431246
22.2318729929
24.8552351721
27.5438756945
29.7279403252
30.945238113
30.9327552061
29.678155468
27.421176943
24.6047933802
21.7859819553
19.5239451068
18.2680897582
18.009330643
17.8677072574
17.588041282
17.177389853
16.6460807805
16.0074120554
15.2772658489
14.4736489654
13.6161739627
12.7254969587
11.8227294351
10.9288420883
10.0640789488
9.2473995741
8.49596615074
7.82469083226
7.24585665596
6.76882297807
6.39982362811
6.14186299588
5.99471212638
5.95500371076
6.0164217282
6.16997851536
6.40436931293
6.70639194953
7.06141734841
7.45389504411
7.86787692143
8.28754196665
8.69770496283
9.08429275954
9.43477297723
9.73852172524
9.98711906096
10.1745634238
10.2973990572
10.3547533914
10.3482844029
10.282040986
10.1622422812
9.99698458723
9.79588687324
9.56968791005
9.32980959301
9.08790208972
8.85538697041
8.64301445763
8.46045036393
8.31590719294
8.21583229725
8.16466397076
18.3604246256
18.1790487634
17.8232108666
17.3064345356
16.6482596435
15.8733878719
15.0106081997
14.0915536477
13.1493483784
12.2172090971
11.3270663446
10.508269654
9.78643576369
9.18249138753
8.71195186102
8.38446483302
8.20363469643
8.1671293428
8.26705681227
8.49058621027
8.82077554524
9.23755949879
9.71884304805
10.2416426626
10.7832156833
11.322120483
11.8391549764
12.3181286878
12.7464334805
13.1153896444
13.4203566989
13.6606113127
13.8390074629
13.9614456807
14.0361883306
14.0730658111
14.0826239416
14.0752653292
14.0604370733
14.0459138096
14.037219013
8.03689250663
8.30002541748
8.81130051643
9.54165070024
10.4497036601
11.4842985381
12.5875899752
13.698544798
14.7566123422
15.7053390973
16.4957026348
17.0889583393
17.4588241029
17.5928708076
17.4930373696
17.1752450613
16.66814318
16.011073205
15.2513878652
14.4413018666
13.6344798505
12.8825826391
12.2319940279
11.7209372578
11.3771637478
11.2163584317
11.2413586322
11.4422299177
11.7971862916
12.2742870182
12.8337919447
13.431014616
14.0194805359
14.5541786631
14.9946888787
15.3079770418
15.4706717729
28.2054841351
27.5508579454
26.3078832262
24.6016608413
22.6020779199
20.5048286474
18.5097061996
16.7986894704
15.516359093
14.7548881348
14.5452990458
14.8559268502
15.5981695979
16.6387437736
17.8168979777
18.9644638355
19.9263067579
20.5787176192
20.8435608034
20.6965298992
20.1685936855
19.3405526188
18.3314679337
17.2824695714
16.3380054576
15.626896136
15.2455694691
15.3939477598
15.2999973044
15.1154208483
14.8467359451
14.5033959025
14.0974169639
13.6429052377
13.1555026807
12.6517747188
12.1485644398
11.6623396053
11.2085589647
10.8010834911
10.4516562445
10.1694716739
9.96085142699
9.82903929121
9.77412293858
9.793084885
9.87997973219
10.0262295509
10.2210244093
10.4518107507
10.704846754
10.965801126
11.2203700723
11.4548865579
11.6568964102
11.815677325
11.9226793413
11.9718687422
11.9599614834
11.8865369618
11.7540280201
11.5675883299
11.3348434726
11.0655369431
10.771086713
10.4640717393
10.1576707188
9.86507736163
9.59891739146
9.37069235398
9.19027411768
9.06547174946
9.00168932462
12.563051416
12.5080071782
12.3989785195
12.2380619754
12.0283451322
11.7738394347
11.4793930075
11.1505854831
10.793607239
10.4151258013
10.0221424587
9.62184234979
9.22144142926
8.82803377777
8.44844270525
8.0890789964
7.75580947168
7.45383878708
7.18760707856
6.96070567981
6.77581271369
6.63464988902
6.5379613355
6.48551479353
6.47612495321
6.50769822219
6.57729770479
6.68122670974
6.81512867868
6.97410105513
7.15282030026
7.34567501636
7.5469039662
7.75073568075
7.95152633085
8.14389260059
8.32283644022
8.48385878936
8.62305964403
8.73722218429
8.82387907646
8.88135950458
8.90881595919
8.90623030663
8.87439916681
8.81489912931
8.73003282546
8.62275733492
8.49659682949
8.35554173287
8.2039369955
8.04636233915
7.88750751194
7.73204570576
7.5845083223
7.44916423058
7.32990653865
7.23014970867
7.15273958199
7.09987855602
7.07306777539
27.4073874298
26.5428039134
24.9523773072
22.8918553343
20.6938792356
18.7156808988
17.282673078
16.636666821
16.8967623565
18.0390355908
19.8982745621
22.191645701
24.5608034655
26.6261132154
28.0447714155
28.5639693478
28.0609566028
26.563813655
24.2496442918
21.4203092641
18.4592248849
15.77562761
13.7446202326
12.6519753272
2.44149465977
5.03720051099
9.84501500682
16.1580876951
23.0572416403
29.5545598918
34.7464815449
37.9518173321
38.812670331
37.3424063754
33.9135401402
29.1882460352
24.0035460433
19.2305341804
15.6310739884
13.7355928868
13.7618814
15.5878179988
18.781853129
22.6854152833
26.5327568504
29.587572892
31.2730248318
19.117719301
18.8441787571
18.3095913535
17.5383539303
16.5656135578
15.4356071279
14.1995725414
12.9133309594
11.6346552203
10.4205496689
9.32457080507
8.39431614479
7.66920059136
7.17862583056
6.94062944577
6.9610775018
7.23343836619
7.73914776556
8.44854684148
9.32234762374
10.3135551867
11.3697539975
12.4356486427
13.4557370591
14.3769881685
15.151395724
15.7382862124
16.1062705415
16.2347463895
16.1148796993
15.7500188064
15.1555219212
14.3580068194
13.3940592912
12.3084628336
11.1520349984
9.97917462873
8.84523803907
7.80387034894
6.90442027851
6.189562664
5.69324293798
5.43904233156
9.92447022752
9.89959712312
9.85028386111
9.77738799345
9.68217516244
9.56629474585
9.43174815293
9.28085041061
9.11618581335
8.94055852914
8.75693915447
8.5684082911
8.37809827514
8.18913422386
8.00457557622
7.82735928978
7.66024581945
7.50576894332
7.36619041895
7.24346035153
7.1391840356
7.0545958969
6.99054101326
6.94746453658
6.92540917445
6.92402072448
6.94256148861
6.97993123411
7.03469521408
7.10511861724
7.18920668767
7.28474964194
7.38937141648
7.50058120427
7.61582668778
7.73254784625
7.84823020987
7.96045645203
8.06695525178
8.16564642285
8.25468138978
8.33247819543
8.39775034459
8.44952892296
8.4871775766
8.51040009135
8.51924047071
8.51407557142
8.49560051486
8.46480724625
8.42295675868
8.37154563307
8.31226766445
8.24697144776
8.17761488011
8.10621759932
8.03481241969
7.96539684402
7.89988572584
7.8400661277
7.78755537071
7.7437631987
7.70985888857
7.68674402899
7.67503156449
0.951244292822
0.951126979257
0.950892382291
0.950540562242
0.950071609567
0.949485644838
0.948782818708
0.947963311866
0.947027334996
0.945975128709
0.944806963486
0.943523139598
0.942123987025
0.940609865366
0.938981163742
0.937238300686
0.935381724029
0.933411910779
0.931329366989
0.929134627616
0.92682825638
0.924410845603
0.92188301605
0.919245416757
0.916498724857
0.913643645388
0.910680911104
0.907611282274
0.904435546473
0.901154518363
0.897769039474
0.894279977972
0.890688228421
0.886994711535
0.88320037393
0.879306187862
0.875313150962
0.87122228596
0.867034640409
0.862751286394
0.858373320239
0.85390186221
0.849338056204
0.844683069438
0.839938092129
0.835104337167
0.830183039785
0.825175457219
0.820082868365
0.814906573428
0.809647893567
0.804308170533
0.798888766304
0.793391062707
0.787816461046
0.782166381716
0.776442263815
0.770645564751
0.764777759841
0.758840341913
0.752834820891
0.746762723391
0.740625592296
0.734424986338
0.728162479673
0.721839661451
0.715458135379
0.709019519288
0.702525444688
0.695977556325
0.68937751173
0.68272698077
0.676027645188
0.66928119815
0.66248934378
0.655653796696
0.648776281544
0.641858532526
0.634902292931
0.627909314656
0.620881357736
0.613820189856
0.606727585877
0.599605327351
0.592455202036
0.585279003411
0.578078530188
0.570855585822
0.563611978026
0.556349518273
0.54907002131
0.541775304662
0.534467188144
0.527147493359
0.519818043213
0.512480661416
0.505137171987
0.497789398766
0.490439164912
0.483088292417
0.475738601609
0.468391910661
0.4610500351
0.453714787314
0.446387976068
0.439071406008
0.431766877183
0.424476184549
0.417201117497
0.409943459361
0.402704986943
0.395487470034
0.388292670934
0.381122343986
0.373978235097
0.366862081273
0.359775610151
0.352720539538
0.345698576948
0.338711419144
0.331760751687
0.324848248483
0.317975571335
0.3111443695
0.304356279247
0.297612923423
0.290915911019
0.284266836742
0.277667280588
0.271118807427
0.264622966582
0.258181291421
0.25179529895
0.24546648941
0.23919634588
0.232986333888
0.22683790102
0.220752476538
0.214731471009
0.208776275928
0.202888263354
0.197068785552
0.191319174635
0.18564074222
0.180034779081
0.174502554812
0.169045317503
0.163664293406
0.158360686624
0.153135678795
0.147990428788
0.142926072406
0.137943722087
0.133044466627
0.128229370894
0.123499475558
0.118855796827
0.114299326186
0.10983103015
0.105451850014
0.10116270162
0.0969644751248
0.0928580347804
0.0888442187158
0.0849238387306
0.0810976800944
0.0773665013541
0.0737310341486
0.0701919830312
0.0667500252996
0.0634058108337
0.0601599619413
0.0570130732111
0.0539657113741
0.0510184151726
0.0481716952371
0.0454260339712
0.0427818854442
0.0402396752926
0.0377998006281
0.0354626299551
0.0332285030953
0.0310977311213
0.0290705962968
0.0271473520268
0.0253282228142
0.0236134042259
0.0220030628659
0.0204973363574
0.0190963333327
0.0178001334308
0.0166087873044
0.0155223166332
0.0145407141473
0.0136639436571
0.0128919400921
0.0122246095479
0.0116618293406
0.0112034480702
0.0108492856908
0.0105991335903
0.0104527546765
0.0104098834728
0.0104702262201
0.0106334609881
0.0108992377937
0.011267178727
0.0117368780858
0.0123079025176
0.0129797911686
0.0137520558414
0.0146241811595
0.0155956247402
0.0166658173737
0.0178341632112
0.019100039959
0.020462799081
0.0219217660077
0.0234762403529
0.0251254961373
0.0268687820196
0.0287053215335
0.0306343133331
0.0326549314442
0.0347663255229
0.0369676211201
0.0392579199538
0.0416363001873
0.0441018167137
0.046653501447
0.0492903636201
0.0520113900877
0.0548155456369
0.0577017733022
0.060668994688
0.0637161102959
0.0668419998582
0.0700455226768
0.073325517968
0.0766808052125
0.0801101845108
0.083612436944
0.0871863249394
0.0908305926419
0.0945439662891
0.0983251545924
0.102172849122
0.106085724699
0.110062439784
0.114101636885
0.11820194295
0.122361969784
0.126580314455
0.130855559707
0.135186274386
0.139571013857
0.14400832043
0.148496723795
0.153034741448
0.157620879132
0.162253631273
0.166931481425
0.171652902712
0.176416358277
0.181220301732
0.186063177608
0.190943421815
0.195859462092
0.200809718471
0.205792603737
0.210806523887
0.215849878598
0.220921061691
0.226018461598
0.231140461829
0.236285441443
0.241451775517
0.246637835618
0.251841990271
0.257062605438
0.262298044984
0.267546671152
0.272806845037
0.278076927059
0.283355277433
0.288640256645
0.293930225922
0.299223547703
0.304518586113
0.309813707428
0.315107280552
0.320397677475
0.325683273748
0.330962448945
0.336233587127
0.341495077303
0.346745313897
0.351982697197
0.357205633821
0.362412537164
0.367601827856
0.372771934209
0.377921292666
0.383048348242
0.388151554971
0.393229376343
0.39828028574
0.403302766865
0.408295314181
0.413256433327
0.418184641548
0.423078468108
0.427936454712
0.43275715591
0.437539139513
0.442280986986
0.446981293857
0.451638670106
0.456251740554
0.460819145256
0.465339539872
0.469811596054
0.474234001808
0.478605461866
0.482924698046
0.487190449607
0.491401473601
0.495556545219
0.499654458129
0.503694024813
0.507674076892
0.511593465454
0.515451061366
0.519245755587
0.522976459476
0.526642105087
0.530241645463
0.533774054922
0.537238329341
0.540633486422
0.543958565967
0.547212630134
0.550394763692
0.553504074269
0.556539692591
0.559500772715
0.562386492259
0.565196052618
0.567928679176
0.570583621517
0.573160153614
0.57565757403
0.578075206094
0.580412398081
0.582668523379
0.584842980655
0.586935194001
0.588944613089
0.590870713306
0.592712995884
0.594470988026
0.596144243024
0.597732340363
0.599234885824
0.600651511579
0.601981876272
0.603225665101
0.604382589883
0.60545238912
0.606434828051
0.6073296987
0.60813681991
0.608856037379
0.609487223678
0.610030278269
0.610485127509
0.610851724653
0.611130049841
0.611320110082
0.611421939232
0.611435597959
0.611361173703
0.611198780628
0.610948559569
0.610610677963
0.610185329782
0.60967273545
0.609073141761
0.608386821779
0.60761407474
0.606755225941
0.60581062662
0.604780653835
0.603665710329
0.60246622439
0.601182649705
0.599815465205
0.598365174901
0.596832307717
0.595217417312
0.593521081898
0.591743904047
0.589886510493
0.587949551928
0.585933702792
0.583839661051
0.581668147971
0.579419907892
0.577095707979
0.574696337986
0.572222609999
0.569675358177
0.56705543849
0.564363728445
0.56160112681
0.558768553332
0.555866948444
0.552897272972
0.549860507833
0.546757653728
0.543589730829
0.540357778459
0.537062854771
0.533706036419
0.530288418218
0.526811112811
0.523275250319
0.519681977995
0.516032459866
0.512327876374
0.508569424014
0.504758314964
0.500895776709
0.496983051666
0.493021396804
0.489012083254
0.484956395919
0.480855633085
0.476711106017
0.472524138562
0.468296066742
0.464028238346
0.459722012518
0.455378759344
0.450999859432
0.44658670349
0.442140691906
0.437663234319
0.43315574919
0.428619663372
0.424056411676
0.419467436433
0.414854187059
0.410218119613
0.405560696357
0.400883385309
0.396187659805
0.391474998045
0.386746882651
0.382004800214
0.377250240849
0.37248469774
0.367709666691
0.362926645674
0.358137134374
0.35334263374
0.34854464553
0.343744671857
0.338944214737
0.334144775636
0.329347855019
0.324554951892
0.31976756336
0.314987184165
0.310215306247
0.305453418286
0.30070300526
0.295965547994
0.291242522718
0.286535400622
0.281845647412
0.277174722872
0.272524080426
0.267895166698
0.26328942108
0.258708275301
0.254153152993
0.24962546927
0.245126630295
0.240658032868
0.236221064
0.231817100499
0.227447508558
0.223113643345
0.218816848597
0.214558456216
0.210339785874
0.206162144611
0.202026826453
0.197935112013
0.193888268118
0.189887547424
0.185934188042
0.18202941317
0.178174430723
0.174370432975
0.1706185962
0.166920080322
0.163276028567
0.159687567124
0.156155804801
0.152681832703
0.149266723899
0.145911533105
0.142617296366
0.139385030748
0.136215734035
0.13311038443
0.130069940261
0.127095339699
0.124187500472
0.121347319598
0.118575673111
0.115873415802
0.113241380965
0.110680380146
0.108191202901
0.105774616561
0.103431366005
0.101162173434
0.0989677381571
0.0968487363833
0.0948058210192
0.0928396214745
0.0909507434739
0.0891397688763
0.0874072555019
0.085753736965
0.0841797225153
0.0826856968861
0.0812721201491
0.0799394275781
0.0786880295182
0.0775183112643
0.0764306329457
0.0754253294187
0.0745027101672
0.0736630592097
0.0729066350153
0.0722336704262
0.0716443725885
0.0711389228902
0.0707174769074
0.0703801643579
0.0701270890621
0.0699583289125
0.0698739358505
