nan
nan
nan
nan
nan
nan
nan
nan
nan
nan
nan
nan
nan
nan
nan
nan
nan
nan
nan
nan
nan
nan
nan
nan
nan
nan
nan
nan
nan
nan
nan
nan
nan
nan
nan
nan
nan
nan
nan
nan
nan
nan
nan
nan
nan
nan
nan
nan
nan
nan
nan
nan
nan
nan
nan
nan
nan
nan
nan
nan
nan
nan
nan
nan
nan
nan
nan
nan
nan
nan
nan
nan
nan
nan
nan
nan
nan
nan
nan
nan
nan
nan
nan
nan
nan
nan
nan
nan
nan
nan
nan
nan
nan
nan
nan
nan
nan
nan
nan
nan
nan
nan
nan
nan
nan
nan
nan
nan
nan
nan
nan
nan
nan
nan
nan
nan
nan
nan
nan
nan
nan
nan
nan
nan
nan
nan
nan
nan
nan
nan
nan
nan
nan
nan
nan
nan
nan
nan
nan
nan
nan
nan
nan
nan
nan
nan
nan
nan
nan
nan
nan
nan
nan
nan
nan
nan
nan
nan
nan
nan
nan
nan
nan
nan
nan
nan
nan
nan
nan
nan
nan
nan
nan
nan
nan
nan
nan
nan
nan
nan
nan
nan
nan
nan
nan
nan
nan
nan
nan
nan
nan
nan
nan
nan
nan
nan
nan
nan
nan
nan
nan
nan
nan
nan
nan
nan
nan
nan
nan
nan
nan
nan
nan
nan
nan
nan
nan
nan
nan
nan
nan
nan
nan
nan
nan
nan
nan
nan
nan
nan
nan
nan
nan
nan
nan
nan
nan
nan
nan
nan
nan
nan
nan
nan
nan
nan
nan
nan
nan
nan
nan
nan
nan
nan
nan
nan
nan
nan
nan
nan
nan
nan
nan
nan
nan
nan
nan
nan
nan
nan
nan
nan
nan
nan
nan
nan
nan
nan
nan
nan
nan
nan
nan
nan
nan
nan
nan
nan
nan
nan
nan
nan
nan
nan
nan
nan
nan
nan
nan
nan
nan
nan
nan
nan
nan
nan
nan
nan
nan
nan
nan
nan
nan
nan
nan
nan
nan
nan
nan
nan
nan
nan
nan
nan
nan
nan
nan
nan
nan
nan
nan
nan
nan
nan
nan
nan
nan
nan
nan
nan
nan
nan
nan
nan
nan
nan
nan
nan
nan
nan
nan
nan
nan
nan
nan
nan
nan
nan
nan
nan
nan
nan
nan
nan
nan
nan
nan
nan
nan
nan
nan
nan
nan
nan
nan
nan
nan
nan
nan
nan
nan
nan
nan
nan
nan
nan
nan
nan
nan
nan
nan
nan
nan
nan
nan
nan
nan
nan
nan
nan
nan
nan
nan
nan
nan
nan
nan
nan
nan
nan
nan
nan
nan
nan
nan
nan
nan
nan
nan
nan
nan
nan
nan
nan
nan
nan
nan
nan
nan
nan
nan
nan
nan
nan
nan
nan
nan
nan
nan
nan
nan
nan
nan
nan
nan
nan
nan
nan
nan
nan
nan
nan
nan
nan
nan
nan
nan
nan
nan
nan
nan
nan
nan
nan
nan
nan
nan
nan
nan
nan
nan
nan
nan
nan
nan
nan
nan
nan
nan
nan
nan
nan
nan
nan
nan
nan
nan
nan
nan
nan
nan
nan
nan
nan
nan
nan
nan
nan
nan
nan
nan
nan
nan
nan
nan
nan
nan
nan
nan
nan
nan
nan
nan
nan
nan
nan
nan
nan
nan
nan
nan
nan
nan
nan
nan
nan
nan
nan
nan
nan
nan
nan
nan
nan
nan
nan
nan
nan
nan
nan
nan
nan
nan
nan
nan
nan
nan
nan
nan
nan
nan
nan
nan
nan
nan
nan
nan
nan
nan
nan
nan
nan
nan
nan
nan
nan
nan
nan
nan
nan
nan
nan
nan
nan
nan
nan
nan
nan
nan
nan
nan
nan
nan
nan
nan
nan
nan
nan
nan
nan
nan
nan
nan
nan
nan
nan
nan
nan
nan
nan
nan
nan
nan
nan
nan
nan
nan
nan
nan
nan
nan
nan
nan
nan
nan
nan
nan
nan
nan
nan
nan
nan
nan
nan
nan
nan
nan
nan
nan
nan
nan
nan
nan
nan
nan
nan
nan
nan
nan
nan
nan
nan
nan
nan
nan
nan
nan
nan
nan
nan
nan
nan
nan
nan
nan
nan
nan
nan
nan
nan
nan
nan
nan
nan
nan
nan
nan
nan
nan
nan
nan
nan
nan
nan
nan
nan
nan
nan
nan
nan
nan
nan
nan
nan
nan
nan
nan
nan
nan
nan
nan
nan
nan
nan
nan
nan
nan
nan
nan
nan
nan
nan
nan
nan
nan
nan
nan
nan
nan
nan
nan
nan
nan
nan
nan
nan
nan
nan
nan
nan
nan
5.56466188797
5.56574059302
5.56618244176
5.56588060441
5.56481829909
5.5628684526
5.56017526168
5.55671949531
5.55267112856
5.54876990538
5.54022443488
5.53128522377
5.52426789192
5.52084463391
5.52200561053
5.52764277367
nan
5.5467016338
5.55287777944
5.55865661305
5.56488639963
5.57166367584
5.57860208263
5.58517006498
5.59143057732
nan
nan
nan
nan
5.59462242764
nan
5.5958570681
5.6134497015
5.63376423258
5.64572978565
5.62937115471
nan
nan
nan
nan
nan
nan
nan
nan
nan
nan
nan
nan
nan
nan
nan
nan
nan
5.76102352686
5.77295812093
5.7840207043
5.79235444208
nan
nan
nan
nan
nan
nan
nan
nan
nan
nan
nan
5.75361823385
5.74268348963
5.7268795394
5.70985184136
5.70027564425
5.69237079071
5.68509619806
5.67816134423
5.67134557277
5.6643411876
5.6568893647
5.64881618977
5.64005287982
5.63060692009
5.62063225871
5.61044774656
5.60048037981
5.5912408687
5.58324978781
5.57694013092
5.57269409674
5.57073531342
5.57101619364
5.57321671227
5.57596746518
nan
nan
nan
nan
nan
nan
nan
nan
5.55361819034
5.55449641514
nan
nan
nan
nan
nan
5.56917707423
5.56090553857
5.54858124449
5.53247802898
5.5130288519
5.49095302329
5.46759059983
5.44837459012
5.44137767887
5.43666888657
5.4327759339
5.42974387448
5.42768160662
5.42667702713
5.42626908988
5.42471957405
5.4266608641
5.43003366758
5.43451570219
nan
nan
nan
nan
nan
nan
nan
nan
nan
nan
5.58061053497
5.57821435483
5.56711781625
nan
nan
5.51371557068
5.49821429156
nan
nan
nan
nan
nan
nan
nan
nan
nan
nan
nan
nan
nan
nan
nan
nan
nan
nan
nan
nan
nan
nan
nan
nan
nan
nan
nan
nan
nan
nan
5.42427900956
5.40342712902
5.38391072633
5.36596177989
5.34990790778
nan
nan
nan
nan
nan
nan
nan
nan
nan
nan
nan
nan
nan
nan
nan
nan
nan
nan
nan
nan
nan
nan
5.34274982078
5.33834877218
5.3339938268
5.3342493465
5.33812210603
5.3417456298
5.34477293072
5.34735669378
5.34969540659
5.3519956184
5.35447084728
5.35728919193
5.36055063844
5.3642632208
5.36817913615
5.37078069098
5.3718049677
5.44479074507
5.44270433895
5.43971151342
5.35787876861
5.35116254489
5.34171745702
5.33060028399
5.31984863131
5.29379318008
5.33714976995
5.32554463903
5.31276750319
5.30083768826
5.29042602197
5.28185848354
5.27522321406
5.27048435253
5.26744625687
5.26579478218
5.26515817596
5.2651399707
5.26537972337
5.26558029475
5.26553479311
5.26519932359
5.26461271042
5.26425877328
5.26687759833
5.2698657999
5.27274221102
5.27530477697
5.27756375161
5.27965836525
5.28194734332
5.2848987383
5.28889920255
5.29352037378
nan
nan
nan
nan
nan
nan
5.66351032386
5.67053014134
5.67736642613
5.68389176296
5.68972847357
5.69411715375
5.69612129499
5.69564551574
5.69750398204
5.70467794405
nan
nan
nan
nan
5.72699151329
5.7246362286
5.71960605247
5.71207605898
5.70230875368
5.69093314265
5.68097676746
5.67279562568
5.66583604236
nan
nan
nan
nan
nan
5.61698322588
5.64346226359
5.63732274099
5.6303531653
5.62328953381
5.61619757434
5.6090380406
5.60178337094
5.59439254897
5.58681918255
5.57898548858
5.57082501329
5.56230430221
5.55334840349
5.54390542095
5.53402332031
nan
nan
nan
nan
nan
nan
5.51155917595
5.50910985564
5.48545101231
5.48171053751
5.47701272071
nan
nan
nan
nan
nan
nan
5.44231322545
5.43980420015
nan
5.44266952831
5.44632863168
5.44931265334
5.449790057
5.44640496189
5.4385099895
5.42617286585
5.40985868487
5.39465121223
5.37930912552
5.36411889169
5.34970320105
5.33782700548
5.29655782256
5.2870003387
5.27691189675
5.26754910877
5.25900273401
5.25191461139
5.26086417205
5.25403368475
5.24709804209
5.24341354272
5.23909640925
5.23621810799
5.23273834318
5.22880866909
5.22432135965
5.21911468009
5.21322025066
5.20680544007
5.20008451359
5.19343974277
5.18724376639
5.18193990103
5.17789291453
5.17526668845
5.17404098936
5.17400826046
nan
nan
nan
nan
nan
nan
nan
nan
nan
nan
nan
nan
5.42485075684
5.40112553926
5.38373343219
5.36817973559
5.35397920682
5.3413163449
5.33135509375
5.27175069877
5.25178090863
5.23633358167
5.22346249702
5.2149774508
5.20967188156
5.2064620505
5.20789168979
5.20909448886
5.21159562744
5.21366303975
5.2138646791
5.21215226469
5.20907844731
5.20399671759
5.19755598298
5.18636733215
5.1739639576
5.19550370447
5.18489268613
5.17600066239
5.16976734001
5.16730383925
5.16759822095
5.17315729437
5.18281641726
5.19774160057
5.45211282635
5.47214526116
5.49114198861
5.50855513824
5.52513964302
5.54205689006
5.55503099952
5.56781443034
nan
5.61596312631
5.6183678744
5.6186441124
5.62135733622
5.61942359047
5.62107908872
5.61974520788
5.61930245289
5.61417890227
5.61294021226
5.60963239712
5.60657871563
5.6041459379
5.60115112224
5.59746982526
5.59661559974
5.59446249044
5.59243942873
5.59096392785
5.59128742939
5.59033117587
5.59032664539
5.58921105099
5.58961699455
5.58849773826
5.58831026852
5.58706235472
5.58571280728
5.58606918718
5.5808384111
5.58155825652
5.57723189071
5.57838037372
5.57211145175
5.5678741515
5.56774508231
5.62962849774
5.63496796912
5.63908334044
5.64353759128
5.64656909702
5.64753567108
5.64920127139
5.64803439309
5.64668030528
5.64428089213
5.6389918607
5.63379155328
5.62670890727
5.61844861104
5.60833970143
5.59987855254
5.58856213098
5.57565986442
5.57429748754
5.55451261707
nan
nan
nan
5.55198106294
5.56884615365
5.58641777867
5.59981476476
5.57570934371
5.52740744705
5.51465616457
5.49909877376
5.47755294495
5.45497912425
5.42923325345
5.4064283773
5.38767750176
5.37764625012
5.37111522258
5.36808729281
5.36359785637
5.35766523173
5.35188722911
5.34508712458
5.33652147771
5.32875414649
5.31960274886
5.30918251336
5.30353232361
5.29774454371
nan
nan
nan
5.31048981625
5.31715439894
5.3264905391
5.33714538997
5.3513544768
5.3668006983
5.49214696479
5.50456738122
5.51280174891
5.51695977571
5.51572396863
5.51179793468
5.50362635463
5.4923094513
5.50781821799
5.49534924098
5.48154720738
5.46955363623
5.45795721951
5.44788834955
5.43926553656
5.43007959328
5.42281487419
5.41507734903
5.40728743751
5.40004405473
5.39606929569
5.3886826738
nan
nan
nan
nan
nan
nan
nan
5.36766735725
5.36532591979
5.36485647927
nan
5.36659043107
5.35800474717
nan
nan
nan
nan
nan
nan
nan
nan
nan
nan
5.44531614242
5.44533581895
5.42018976437
5.41585159564
5.41176664504
5.40836415087
5.4028550529
5.39720041067
5.38561658403
5.37171396814
nan
nan
nan
nan
5.36200433781
5.35662513925
5.35167637133
5.3455515182
5.33635986394
nan
nan
nan
nan
nan
nan
nan
nan
nan
nan
nan
nan
nan
nan
nan
nan
nan
nan
nan
5.34884964768
5.33470398535
5.32354654352
5.31418389518
5.30598574476
5.29869583541
5.29410918311
5.28728691375
5.29285633901
5.29648658794
5.29654367552
5.29237004304
5.28661032774
5.27968697706
5.28412925163
5.26334873623
5.24767585873
5.2417965122
5.25026695523
5.27306272685
5.30600309095
5.34123382603
5.49348403144
5.49805285523
5.50465818474
5.51148325735
5.51921857914
5.52080125585
5.52328827344
5.53080998445
5.53787859972
5.54241853797
5.54175429972
5.54541535632
5.55349879386
5.55137366618
5.55128589045
5.55021517392
5.55261187038
5.55546972751
5.58809512313
5.59709705136
5.60400596981
5.60807736738
5.60923308721
5.60643427216
5.60182612462
5.5933411418
5.58146511405
5.56910944173
5.5562290908
5.54250940089
5.52698687027
5.51901622625
nan
nan
nan
nan
nan
nan
nan
nan
nan
5.49527304293
5.50483896126
5.43598378045
5.42371214569
5.40980728253
5.39328967298
5.37605869445
5.35837581885
5.34134156947
5.32461321253
5.30811596195
5.29372143159
5.31861244973
5.31840308606
5.31355415497
5.31058263774
5.30585932799
5.30089316303
5.2971509855
5.29189210319
5.28775559135
5.28544835236
5.28465559671
5.28628212087
5.29079818566
nan
5.28724713942
nan
nan
nan
5.33825039499
5.37070736757
nan
nan
5.50025468592
5.51968059601
5.52635249406
5.4905641223
5.48025061555
5.46905758372
5.45687936354
5.44670397542
5.43468017093
5.42420313229
5.41572230464
5.4062695284
5.3985020758
5.39080004938
5.38348866598
5.37551532066
5.36807878717
5.36019371967
5.3518705069
5.34336159931
nan
5.30978961084
5.30760624889
5.30383824074
5.30126584709
5.29823460655
5.29427452285
5.29108504082
5.28498588664
5.27999979193
5.27369055533
5.26783128144
5.26291572073
5.2584180941
5.25470976831
5.25367646027
5.25283589787
5.26024502087
5.25937657217
5.2582706558
5.26641980614
5.28147716602
5.30098882259
5.54430704856
5.57662273647
5.60518886009
5.63299229388
5.65661231316
5.67490699578
5.67849517318
5.67866780621
5.67557722867
5.66978817657
nan
nan
nan
nan
5.60449859394
5.61413898793
5.62409599908
5.63814580672
5.648699876
5.66123060835
5.66984987996
5.6751303435
5.67571165766
5.67798744675
5.67702187324
5.6799673166
5.67456932576
5.66972593449
nan
nan
nan
nan
5.61994628197
5.63066847125
5.59540385912
nan
nan
5.61385561164
5.59722149651
5.57181858683
5.5491115863
5.52801086566
5.50703023662
5.48787371019
5.46833812443
5.44926884207
5.41595381137
5.40831756585
5.3994903974
5.39482233904
5.38756861087
5.3801012886
5.37167479982
5.36365514166
5.35613296517
5.34860374409
5.34260417694
5.33886710736
5.2952990127
5.29012217347
5.28505837235
5.27751486274
5.26740801119
5.3378537419
5.32076740673
5.30084579135
5.28242493335
5.2678175412
5.2594872032
5.25813888285
5.26418126846
5.32373003371
5.32641389522
5.32867029007
5.33206336282
5.33329718301
5.33453507289
5.33416506091
5.33182701963
5.32871539459
5.32411486065
5.31860112584
5.31272735852
5.30820026422
5.30339279673
5.298771545
5.2955229838
5.29353524961
5.29161335618
5.29167562331
5.2908761183
5.29122264396
5.29076554831
5.29288054312
5.29399405831
5.29713118268
5.26625260642
5.26529147155
5.26684921253
5.26879894735
5.26703627131
5.26825394814
5.26541513401
5.26246138583
5.25927267131
5.25511865342
5.2519998044
5.24916998232
5.24706061615
5.24885349047
nan
nan
nan
5.25341762438
5.29257346544
5.30063884817
5.31524638186
5.33705559247
5.35612701284
5.37252671793
5.3330831098
5.3168339641
5.30242568701
5.29013291989
5.27966059191
5.26708535775
5.25882952417
5.24770999776
5.24062850325
5.22252831675
5.22630919187
5.23186731168
5.23952322679
5.24760271708
5.26007279828
5.27223342093
5.28585374811
5.29873930611
5.31134379024
5.32350038281
5.33350135467
5.34179539411
5.34830148362
5.35252272386
5.35557720106
5.35660243398
5.34229931095
5.3425251373
5.3397098192
5.33577910392
5.32391666831
5.32069120073
5.31817492579
5.31712908437
5.31930853243
5.32482773516
5.33430456218
5.34719957529
5.36319943266
5.38178942749
5.4024015555
5.42182008939
5.43936789959
5.45320786863
5.46214901507
5.45566317975
5.44412048885
5.43266824003
5.41903090134
5.4022556618
5.38599179752
5.36866196632
5.35160518208
5.33532077788
5.3191783207
5.30420031749
5.2900851178
5.27760178832
5.26603246844
5.2557445825
5.24692579893
5.23838460096
5.23167343694
5.22520116505
5.21938674812
5.21431810139
5.20997834267
5.20578810749
5.20219520003
5.19924329559
5.19665036829
5.19434628532
5.19250830163
5.19122250931
5.19009085399
5.18948649585
5.18951388887
5.18964657007
5.19051091994
5.19178849155
5.19363320626
5.19523634461
5.19797770632
5.20072580722
5.20395315375
5.20685327539
5.21088987456
5.21422428836
5.21745777422
5.22086366321
5.22393474242
5.22645952452
5.2305529816
5.23448737339
5.23789690299
5.24783807549
5.24972191628
5.25438750028
5.25883498019
5.26515061059
5.27188121776
5.27896954694
5.28609262386
5.29430601205
5.30234077594
5.31032656314
5.31920701682
5.32751215179
5.33619609077
5.34443390681
5.35305804566
5.36130419297
5.36953830564
5.37748671051
5.38452337471
5.39095139913
5.39710957266
5.40195577891
5.4053090391
5.40773273023
5.40849976385
5.4076740864
5.4052855413
nan
nan
nan
nan
nan
nan
nan
nan
5.29260156948
5.29684583452
5.30171715611
5.3781878626
5.38360458748
5.38712793726
5.3895504654
5.3916229543
5.39332526298
5.3921894874
5.39121376902
5.38897216602
5.38543991876
5.3827468502
5.37827584195
5.37211666696
5.36847746607
5.36286720641
5.35799649474
5.35225604223
5.34567473489
5.34069515216
5.33691654661
5.3324217563
5.32766451434
5.3241536538
5.3196582172
5.31654003739
5.31422038602
5.31168516961
5.30994488494
5.30847011304
5.30722673051
5.30580931538
5.30656551041
5.30600553481
5.30597826085
5.30659771949
5.30614500024
5.30629954771
5.30720575611
5.30789148741
5.30692649404
5.30633385646
5.30857126369
5.306817811
5.3058820653
5.30265234814
5.30016338958
5.29814893839
5.29472716958
5.2908644507
5.28616192386
5.28681744002
5.27885498642
5.2748984646
5.26677650726
5.26690142064
5.26200591315
5.25568612051
5.25217253465
5.24837200831
5.23925227205
5.23647147377
nan
nan
nan
nan
nan
nan
5.3189709403
5.3281322305
5.4440282378
5.4606942045
5.48204931606
5.41650869976
5.41729170022
5.41813397742
5.42063593526
5.41630279443
5.41582545363
5.41328075203
5.40360500045
5.39703487096
5.39079457486
5.38671758992
5.38562312824
5.38289612668
5.3847662784
5.38727690586
5.35716149773
5.36299509845
5.36987459177
5.44591940836
5.45008829145
5.45510903006
5.45602270817
5.45816631419
5.45936008247
5.46201654855
5.46087912805
5.46189611398
5.46255346565
5.45856295738
nan
nan
nan
nan
5.37689413938
5.35810128299
5.3377115594
5.31582309884
5.29683712566
5.28011963367
5.264265547
5.25383258243
5.24436096069
5.23851727258
5.23435430966
5.232915925
5.23308084928
5.23252339123
5.23276017638
5.23343202697
5.23258979509
5.23115778301
5.22978493042
5.24077843249
5.24143476739
5.24022055845
5.23916269913
5.23625557151
5.23202308602
5.22561141655
5.21734431322
nan
nan
nan
nan
nan
nan
nan
nan
5.23455404105
5.22765989231
5.31343365585
5.308370316
5.30799200321
5.31075301237
5.31756167961
5.32776642899
5.33951408933
5.34925000964
5.35608246448
5.32100584422
5.30462036038
5.28852221097
5.27192248538
5.25751539881
5.24555534389
5.23575912159
5.22924019857
5.22491864285
5.22184043944
5.22016113627
5.21994542072
5.22084554012
5.22226890267
5.23081270797
5.24094872907
5.25156913413
5.25961094846
5.26563709342
5.27134702812
5.27635212948
5.27867840962
5.27889192398
5.27922200192
5.27826311916
nan
nan
nan
nan
nan
5.29616298301
5.30113406629
5.39875802106
5.40720162158
5.41549822093
5.42004045924
5.42692026164
5.43132117918
5.43636045158
5.44144415859
5.44661234591
5.45270152746
5.45893017304
5.44312919407
5.44421269679
5.44836135362
5.45686293729
5.46706400277
5.47442797749
5.47501744276
5.49049087418
5.48934443371
5.48752153453
5.48256543952
5.47873978509
5.47439937929
5.46917562231
nan
nan
nan
nan
nan
nan
nan
nan
5.45646771605
5.45712519019
5.49775155849
nan
5.55295348111
5.54252249017
5.52907151449
5.51753975358
5.50749204177
nan
nan
nan
nan
nan
nan
nan
nan
nan
nan
5.36621511331
nan
nan
nan
nan
nan
nan
nan
nan
nan
nan
nan
nan
nan
nan
nan
nan
nan
nan
nan
nan
nan
nan
nan
nan
nan
nan
nan
nan
5.32196033552
5.31508327109
5.30713957703
5.29841642051
5.28941226257
5.28024622797
5.29941002901
5.29606879715
5.29115395427
5.28726830118
5.28536792461
5.28141837322
5.27511276992
5.27101695881
5.26487441662
5.25885472872
5.25165148477
5.2448311605
5.23816407275
5.23160290542
5.22659109842
5.22189586322
5.2196846518
5.2180448945
5.22000414465
5.2230383127
5.22860433122
5.23581700111
nan
nan
nan
nan
nan
nan
nan
nan
nan
nan
nan
nan
5.43928045403
nan
nan
nan
5.37180982211
5.35972777699
5.34943707184
5.33862902345
5.32966463524
5.32124415479
5.31296269377
5.30649456129
5.30097317068
5.29625465547
5.29256881703
5.29001189672
5.2878630407
5.28670590125
5.28607517305
5.28573922874
5.28588527027
5.28569520224
5.2857436881
5.28567174781
5.28557983356
5.28491024939
5.28347773453
5.2822122055
5.28061086376
5.27683765674
5.27438415871
5.26981653835
5.2664446146
5.26204972901
5.25740700505
5.25340258251
5.2494106656
5.21963945475
nan
nan
nan
nan
nan
nan
nan
nan
nan
nan
nan
nan
5.33079879001
5.33068140624
5.32560613157
5.32461669731
5.32069882421
5.31933929329
5.31938104469
5.32159718188
5.32571170914
5.33153999265
5.30504245937
5.29971648897
5.30040606612
5.3042352092
5.30995379084
5.31804845335
5.3273454077
5.27959192502
5.27852233953
5.27225641456
5.26241789011
5.25121271029
5.24382666657
nan
nan
nan
nan
nan
nan
nan
nan
nan
nan
nan
5.29899469748
5.29285422408
5.28619901756
5.3014710453
5.30699248808
5.31177989501
5.31442607052
5.31453781662
5.30975037785
5.30272744832
5.29300162808
5.28389627983
5.27742693784
5.35474434624
5.35808001695
5.36044500132
5.36016647767
5.35993161296
5.3609796959
5.35945374009
5.35856490224
5.35854888514
5.35860310738
5.36048184367
5.36186869724
nan
5.29996885456
5.29240926322
5.28682197434
5.28213087425
5.27588581769
5.27300870967
nan
nan
nan
nan
nan
nan
nan
nan
nan
nan
5.25726183993
5.25429798366
5.25109833179
5.24663749831
nan
nan
nan
nan
nan
nan
nan
nan
nan
nan
nan
nan
nan
nan
nan
nan
nan
nan
nan
nan
nan
nan
nan
nan
nan
nan
nan
nan
nan
nan
nan
nan
5.39435791018
5.36923299513
5.36510047539
5.36146623362
5.35631756913
5.35247600326
5.34821758268
5.34453165776
5.34074541175
5.3371913484
5.33520647567
5.33432212205
5.33362465978
5.33466499043
5.33642381998
5.33925382518
5.34245792189
5.34535783212
5.34838977559
5.35088404512
5.35264387619
5.36718921881
5.36818450842
5.36693148756
5.36643005829
5.36334475507
5.36249152872
nan
nan
nan
nan
nan
nan
nan
nan
5.3491069638
5.34831519529
5.34731571428
5.34669510708
5.34548774977
5.34475869833
5.34393541167
5.34386938027
nan
nan
nan
nan
nan
nan
nan
nan
nan
nan
nan
nan
nan
nan
nan
nan
nan
nan
nan
nan
nan
nan
nan
nan
nan
nan
nan
nan
nan
nan
nan
nan
nan
nan
nan
nan
nan
nan
nan
nan
nan
nan
nan
nan
nan
nan
nan
nan
nan
nan
nan
nan
nan
nan
nan
nan
nan
nan
nan
nan
nan
nan
nan
nan
nan
nan
nan
nan
nan
nan
nan
nan
nan
nan
nan
nan
nan
nan
nan
nan
nan
nan
nan
nan
nan
nan
nan
nan
nan
nan
nan
nan
nan
nan
nan
nan
nan
nan
nan
nan
nan
nan
nan
nan
nan
nan
nan
nan
nan
nan
nan
nan
nan
nan
nan
nan
nan
nan
nan
nan
nan
nan
nan
nan
nan
nan
nan
nan
nan
nan
nan
nan
nan
nan
nan
nan
nan
nan
nan
nan
nan
nan
nan
nan
nan
nan
nan
nan
nan
nan
nan
nan
nan
nan
nan
nan
nan
nan
nan
nan
nan
nan
nan
nan
nan
nan
nan
nan
nan
nan
nan
nan
nan
nan
nan
nan
nan
nan
nan
nan
nan
nan
nan
nan
nan
nan
nan
nan
nan
nan
nan
nan
nan
nan
nan
nan
nan
nan
nan
nan
nan
nan
nan
nan
nan
nan
nan
nan
nan
nan
nan
nan
nan
nan
nan
nan
nan
nan
nan
nan
nan
nan
nan
nan
nan
nan
nan
nan
nan
nan
nan
nan
nan
nan
nan
nan
nan
nan
nan
nan
nan
nan
nan
nan
nan
nan
nan
nan
nan
nan
nan
nan
nan
nan
nan
nan
nan
nan
nan
nan
nan
nan
nan
nan
nan
nan
nan
nan
nan
nan
nan
nan
nan
nan
nan
nan
nan
nan
nan
nan
nan
nan
nan
nan
nan
nan
nan
nan
nan
nan
nan
nan
nan
nan
nan
nan
nan
nan
nan
nan
nan
nan
nan
nan
nan
nan
nan
nan
nan
nan
nan
nan
nan
nan
nan
nan
nan
nan
nan
nan
nan
nan
nan
nan
nan
nan
nan
nan
nan
nan
nan
nan
nan
nan
nan
nan
nan
nan
nan
nan
nan
nan
nan
nan
nan
nan
nan
nan
nan
nan
nan
nan
nan
nan
nan
nan
nan
nan
nan
nan
nan
nan
nan
nan
nan
nan
nan
nan
nan
nan
nan
nan
nan
nan
nan
nan
nan
nan
nan
nan
nan
nan
nan
nan
nan
nan
nan
nan
nan
nan
nan
nan
nan
nan
nan
nan
nan
nan
nan
nan
nan
nan
nan
nan
nan
nan
nan
nan
nan
nan
nan
nan
nan
nan
nan
nan
nan
nan
nan
nan
nan
nan
nan
nan
nan
nan
nan
nan
nan
nan
nan
nan
nan
nan
nan
nan
nan
nan
nan
nan
nan
nan
nan
nan
nan
nan
nan
nan
nan
nan
nan
nan
nan
nan
nan
nan
nan
nan
nan
nan
nan
nan
nan
nan
nan
nan
nan
nan
nan
nan
nan
nan
nan
nan
nan
nan
nan
nan
nan
nan
nan
nan
nan
nan
nan
nan
nan
nan
nan
nan
nan
nan
nan
nan
nan
nan
nan
nan
nan
nan
nan
nan
nan
nan
nan
nan
nan
nan
nan
nan
nan
nan
nan
nan
nan
nan
nan
nan
nan
nan
nan
nan
nan
nan
nan
nan
nan
nan
nan
nan
nan
nan
nan
nan
nan
nan
nan
nan
nan
nan
nan
nan
nan
nan
nan
nan
nan
nan
nan
nan
nan
nan
nan
nan
nan
nan
nan
